376 4  3604 3640 3605 3604 3606 3605 3640 3606
380 4  3614 3638 3615 3614 3826 3615 3638 3826
384 4  3621 3641 3622 3621 3623 3622 3641 3623
393 4  3637 3639 3638 3637 3824 3638 3639 3824
413 4  3700 3678 3677 3700 3713 3677 3678 3713
414 4  3679 3803 3680 3679 3681 3680 3803 3681
424 4  3615 3701 3699 3615 3700 3699 3701 3700
425 4  3605 3702 3827 3605 3679 3827 3702 3679
429 4  3713 3830 3714 3713 3613 3714 3830 3613
471 4  3801 3606 3621 3801 3800 3621 3606 3800
472 4  3801 3703 3702 3801 3802 3702 3703 3802
484 4  3825 3826 3604 3825 3821 3604 3826 3821
485 4  3825 3827 3701 3825 3828 3701 3827 3828
486 4  3828 3680 3678 3828 3829 3678 3680 3829
487 4  3829 3715 3830 3829 3831 3830 3715 3831
492 4  3841 3843 3876 3841 3842 3876 3843 3842
493 4  3842 5512 3844 3842 3845 3844 5512 3845
496 4  3856 3853 3852 3856 3854 3852 3853 3854
497 4  3854 3855 3879 3854 3841 3879 3855 3841
499 4  3857 3637 3874 3857 3858 3874 3637 3858
500 4  3858 3614 3859 3858 3860 3859 3614 3860
501 4  3860 3699 3861 3860 3862 3861 3699 3862
502 4  3862 3677 3881 3862 3863 3881 3677 3863
508 4  3873 3844 3874 3873 3875 3874 3844 3875
509 4  3878 3876 3859 3878 3873 3859 3876 3873
510 4  3877 3879 3861 3877 3878 3861 3879 3878
511 4  3880 3852 3881 3880 3877 3881 3852 3877
526 4  3912 3908 5545 3912 3917 5545 3908 3917
530 4  3917 3857 3918 3917 3919 3918 3857 3919
531 4  3919 3875 5550 3919 3920 5550 3875 3920
532 4  3920 3845 3921 3920 5504 3921 3845 5504
551 4  3969 4060 3959 3969 4203 3959 4060 4203
556 4  3970 4134 4150 3970 3971 4150 4134 3971
564 4  4130 4188 3986 4130 4153 3986 4188 4153
565 4  4152 4182 3987 4152 3988 3987 4182 3988
635 4  4189 4130 4128 4189 4129 4128 4130 4129
636 4  4131 4134 4132 4131 4133 4132 4134 4133
645 4  4186 4150 4149 4186 4148 4149 4150 4148
646 4  4151 4153 4152 4151 4184 4152 4153 4184
663 4  4182 4185 4183 4182 3972 4183 4185 3972
664 4  4184 4187 4185 4184 4186 4185 4187 4186
665 4  4188 4190 4187 4188 3970 4187 4190 3970
666 4  4204 4133 4189 4204 4190 4189 4133 4190
667 4  4155 3959 4191 4155 4205 4191 3959 4205
668 4  4194 4183 4192 4194 4193 4192 4183 4193
669 4  4221 3988 5546 4221 4194 5546 3988 4194
674 4  4201 4203 4132 4201 4202 4132 4203 4202
675 4  4206 4205 4204 4206 4201 4204 4205 4201
682 4  4211 4129 4214 4211 4217 4214 4129 4217
683 4  4215 3987 4216 4215 4219 4216 3987 4219
684 4  4217 3986 4504 4217 4218 4504 3986 4218
685 4  4218 4151 4506 4218 4215 4506 4151 4215
686 4  4219 4221 4220 4219 5548 4220 4221 5548
818 4  4499 4214 4500 4499 4502 4500 4214 4502
819 4  4505 4216 4501 4505 4507 4501 4216 4507
820 4  4502 4504 5497 4502 4503 5497 4504 4503
821 4  4503 4506 5499 4503 4505 5499 4506 4505
822 4  4507 4220 5502 4507 5551 5502 4220 5551
1314 4  5495 5180 4500 5495 5494 4500 5180 5494
1315 4  5495 5497 5176 5495 5496 5176 5497 5496
1316 4  5498 5170 5499 5498 5496 5499 5170 5496
1317 4  5498 4501 5500 5498 5501 5500 4501 5501
1318 4  5501 5502 5162 5501 5508 5162 5502 5508
1319 4  5503 5506 5504 5503 5505 5504 5506 5505
1320 4  5507 5505 5508 5507 5509 5508 5505 5509
1321 4  5503 5512 5510 5503 5511 5510 5512 5511
1322 4  5513 5174 3843 5513 5511 3843 5174 5511
1337 4  5543 5545 4192 5543 5544 4192 5545 5544
1338 4  5547 5546 3918 5547 5544 3918 5546 5544
1339 4  5547 5550 5548 5547 5549 5548 5550 5549
1340 4  5507 5551 3921 5507 5549 3921 5551 5549
1801 4  6495 6498 6496 6495 6497 6496 6498 6497
1805 4  6506 6509 6507 6506 6508 6507 6509 6508
1818 4  6530 6742 6531 6530 6506 6531 6742 6506
1838 4  6717 6577 6603 6717 6576 6603 6577 6576
1839 4  6690 6578 6605 6690 6715 6605 6578 6715
1849 4  6714 6508 6577 6714 6748 6577 6508 6748
1850 4  6688 6497 6578 6688 6596 6578 6497 6596
1854 4  6720 6603 6505 6720 6752 6505 6603 6752
1896 4  6496 6687 6686 6496 6517 6686 6687 6517
1909 4  6507 6713 6712 6507 6498 6712 6713 6498
1910 4  6596 6713 6718 6596 6714 6718 6713 6714
1911 4  6715 6718 6716 6715 6717 6716 6718 6717
1917 4  6729 6732 6730 6729 6731 6730 6732 6731
1918 4  8386 6730 6805 8386 6759 6805 6730 6759
1921 4  6737 6740 6738 6737 6763 6738 6740 6763
1922 4  8391 6738 6732 8391 6762 6732 6738 6762
1924 4  6742 6745 6743 6742 6744 6743 6745 6744
1925 4  6509 6743 6746 6509 6747 6746 6743 6747
1926 4  6748 6746 6751 6748 6749 6751 6746 6749
1927 4  6576 6751 6750 6576 6765 6750 6751 6765
1933 4  6759 6760 6803 6759 6744 6803 6760 6744
1934 4  6731 6761 6760 6731 6747 6760 6761 6747
1935 4  6762 6764 6761 6762 6749 6761 6764 6749
1936 4  6763 6766 6764 6763 6765 6764 6766 6765
1951 4  6794 6798 6802 6794 6795 6802 6798 6795
1955 4  6745 6802 6801 6745 8420 6801 6802 8420
1956 4  6803 6801 6804 6803 8422 6804 6801 8422
1957 4  6805 6804 6806 6805 8425 6806 6804 8425
1989 4  7071 7016 6876 7071 6877 6876 7016 6877
1990 4  6878 6880 6879 6878 7109 6879 6880 7109
2060 4  7016 7018 7105 7016 7017 7105 7018 7017
2071 4  6876 7111 7037 6876 6880 7037 7111 6880
2088 4  7067 6878 7068 7067 7076 7068 6878 7076
2089 4  7070 7037 7069 7070 7067 7069 7037 7067
2090 4  7073 7071 6859 7073 7070 6859 7071 7070
2091 4  7072 7074 7073 7072 7018 7073 7074 7018
2093 4  7076 7078 7081 7076 7077 7081 7078 7077
2094 4  6879 7080 7078 6879 7079 7078 7080 7079
2107 4  7105 7108 7106 7105 7107 7106 7108 7107
2108 4  7109 7112 7116 7109 7390 7116 7112 7390
2109 4  6877 7106 7110 6877 7394 7110 7106 7394
2110 4  7111 7110 7112 7111 7113 7112 7110 7113
2111 4  7080 7116 7114 7080 7115 7114 7116 7115
2243 4  7107 7389 7388 7107 8372 7388 7389 8372
2244 4  7390 7393 7391 7390 7392 7391 7393 7392
2245 4  7394 7388 7395 7394 8373 7395 7388 8373
2246 4  7113 7395 7393 7113 8377 7393 7395 8377
2247 4  7115 7391 8423 7115 8379 8423 7391 8379
2739 4  8061 8374 8371 8061 8372 8371 8374 8372
2740 4  8373 8374 8376 8373 8057 8376 8374 8057
2741 4  8375 8378 8376 8375 8377 8376 8378 8377
2742 4  7392 8378 8382 7392 8050 8382 8378 8050
2762 4  6795 8418 8419 6795 7077 8419 8418 7077
2763 4  7079 8421 8419 7079 8420 8419 8421 8420
2764 4  8422 8421 8424 8422 7114 8424 8421 7114
2765 4  8423 8426 8424 8423 8425 8424 8426 8425
3604 4  10528 376 376 10531 10531 484 484 10528
3605 4  10531 376 376 10530 10530 425 425 10531
3606 4  10530 376 376 10529 471 10530 10529 471
3614 4  10540 380 380 10543 500 10540 10543 500
3615 4  10543 380 380 10542 10542 424 424 10543
3621 4  10554 384 384 10557 10557 471 471 10554
3622 4  10557 384 384 10556 426 10557 10556 426
3637 4  10565 393 393 10540 499 10565 10540 499
3638 4  380 10540 10541 380 10540 393 393 10541
3639 4  10565 388 388 10564 393 10565 10564 393
3640 4  376 10528 10529 376 10528 394 394 10529
3641 4  384 10554 10555 384 10554 395 395 10555
3677 4  10595 413 413 10594 502 10595 10594 502
3678 4  413 10592 10593 413 10592 486 486 10593
3679 4  10596 414 414 10599 10599 425 425 10596
3680 4  10599 414 414 10598 486 10599 10598 486
3699 4  10543 424 424 10595 501 10543 10595 501
3700 4  10592 413 413 10595 10595 424 424 10592
3701 4  424 10542 10592 424 10542 485 485 10592
3702 4  425 10530 10596 425 10530 472 472 10596
3703 4  10557 426 426 10600 472 10557 10600 472
3713 4  10594 413 413 10593 10593 429 429 10594
3800 4  10529 470 470 10554 10554 471 471 10529
3801 4  10530 471 471 10557 10557 472 472 10530
3802 4  10596 472 472 10600 10600 473 473 10596
3803 4  414 10596 10597 414 10596 473 473 10597
3821 4  10541 483 483 10528 10528 484 484 10541
3825 4  10542 484 484 10531 10531 485 485 10542
3826 4  10542 380 380 10541 484 10542 10541 484
3827 4  10531 425 425 10599 485 10531 10599 485
3828 4  10592 485 485 10599 10599 486 486 10592
3829 4  10593 486 486 10598 10598 487 487 10593
3830 4  429 10593 10536 429 10593 487 487 10536
3841 4  10616 492 492 10619 10619 497 497 10616
3842 4  10618 492 492 10617 10617 493 493 10618
3843 4  492 10616 10617 492 10616 1322 1322 10617
3844 4  10618 493 493 10621 508 10618 10621 508
3845 4  10621 493 493 10620 532 10621 10620 532
3852 4  10627 496 496 10626 511 10627 10626 511
3853 4  496 10624 10625 496 10624 1324 1324 10625
3854 4  10626 496 496 10625 10625 497 497 10626
3855 4  497 10625 10616 497 1323 10616 10625 1323
3857 4  10565 499 499 10629 530 10565 10629 530
3858 4  10628 499 499 10540 10540 500 500 10628
3859 4  10628 500 500 10630 10630 509 509 10628
3860 4  10630 500 500 10543 10543 501 501 10630
3861 4  10630 501 501 10631 10631 510 510 10630
3862 4  10631 501 501 10595 10595 502 502 10631
3863 4  10632 502 502 10594 10594 503 503 10632
3873 4  10618 508 508 10628 10628 509 509 10618
3874 4  10629 499 499 10628 10628 508 508 10629
3875 4  10629 508 508 10621 531 10629 10621 531
3876 4  10619 492 492 10618 509 10619 10618 509
3877 4  10626 510 510 10631 10631 511 511 10626
3878 4  10619 509 509 10630 10630 510 510 10619
3879 4  10626 497 497 10619 510 10626 10619 510
3881 4  10631 502 502 10632 10632 511 511 10631
3908 4  10546 388 388 10565 526 10546 10565 526
3917 4  10646 526 526 10565 10565 530 530 10646
3918 4  10646 530 530 10650 10650 1338 1338 10646
3919 4  10650 530 530 10629 10629 531 531 10650
3920 4  10651 531 531 10621 10621 532 532 10651
3921 4  10651 532 532 10652 10652 1340 1340 10651
3959 4  10712 551 551 10711 667 10712 10711 667
3970 4  10725 556 556 10728 10728 665 665 10725
3972 4  10730 557 557 10732 10732 663 663 10730
3986 4  10756 564 564 10755 684 10756 10755 684
3987 4  10760 565 565 10759 683 10760 10759 683
3988 4  10759 565 565 10758 669 10759 10758 669
4060 4  551 10710 10709 551 10710 600 600 10709
4128 4  10804 635 635 10803 10803 676 676 10804
4129 4  10803 635 635 10756 682 10803 10756 682
4130 4  10753 564 564 10756 635 10753 10756 635
4131 4  10726 636 636 10806 10806 637 637 10726
4132 4  10806 636 636 10805 10805 674 674 10806
4133 4  10805 636 636 10725 666 10805 10725 666
4134 4  556 10725 10726 556 636 10726 10725 636
4150 4  10728 556 556 10727 645 10728 10727 645
4151 4  10755 646 646 10760 685 10755 10760 685
4152 4  10757 565 565 10760 10760 646 646 10757
4153 4  10755 564 564 10754 646 10755 10754 646
4182 4  565 10757 10758 565 10757 663 663 10758
4183 4  10758 663 663 10732 668 10758 10732 668
4184 4  10757 646 646 10754 10754 664 664 10757
4185 4  663 10757 10730 663 10757 664 664 10730
4186 4  10728 645 645 10730 10730 664 664 10728
4187 4  664 10754 10728 664 10754 665 665 10728
4188 4  564 10753 10754 564 10753 665 665 10754
4189 4  10753 635 635 10804 10804 666 666 10753
4190 4  665 10753 10725 665 10753 666 666 10725
4192 4  10818 668 668 10817 10817 1337 1337 10818
4193 4  10817 668 668 10732 670 10817 10732 670
4194 4  10758 668 668 10818 10818 669 669 10758
4201 4  10711 674 674 10805 10805 675 675 10711
4202 4  10709 673 673 10806 10806 674 674 10709
4203 4  10711 551 551 10709 674 10711 10709 674
4204 4  10805 666 666 10804 10804 675 675 10805
4205 4  10737 667 667 10711 675 10737 10711 675
4206 4  10737 675 675 10804 10804 676 676 10737
4211 4  10822 680 680 10803 10803 682 682 10822
4214 4  10822 682 682 10826 818 10822 10826 818
4215 4  10760 683 683 10828 10828 685 685 10760
4216 4  10828 683 683 10827 819 10828 10827 819
4217 4  10826 682 682 10756 10756 684 684 10826
4218 4  10829 684 684 10755 10755 685 685 10829
4219 4  10827 683 683 10759 10759 686 686 10827
4220 4  10827 686 686 10830 822 10827 10830 822
4221 4  10759 669 669 10819 686 10759 10819 686
4500 4  10957 818 818 10958 10958 1314 1314 10957
4501 4  10960 819 819 10959 1317 10960 10959 1317
4502 4  10958 818 818 10826 10826 820 820 10958
4503 4  10961 820 820 10829 10829 821 821 10961
4504 4  10826 684 684 10829 820 10826 10829 820
4505 4  10828 819 819 10960 10960 821 821 10828
4506 4  10829 685 685 10828 821 10829 10828 821
4507 4  10959 819 819 10827 10827 822 822 10959
5170 4  11289 1151 1151 11291 1316 11289 11291 1316
5176 4  11291 1153 1153 11293 11293 1315 1315 11291
5180 4  11293 1155 1155 11295 1314 11293 11295 1314
5495 4  11293 1314 1314 10958 10958 1315 1315 11293
5496 4  11291 1315 1315 10961 10961 1316 1316 11291
5497 4  10958 820 820 10961 1315 10958 10961 1315
5498 4  11289 1316 1316 10960 10960 1317 1317 11289
5499 4  10961 821 821 10960 10960 1316 1316 10961
5501 4  11287 1317 1317 10959 10959 1318 1318 11287
5502 4  10959 822 822 10962 1318 10959 10962 1318
5503 4  11288 1319 1319 10620 10620 1321 1321 11288
5504 4  10652 532 532 10620 10620 1319 1319 10652
5505 4  10652 1319 1319 11286 1320 10652 11286 1320
5507 4  10652 1320 1320 10962 10962 1340 1340 10652
5508 4  11285 1318 1318 10962 10962 1320 1320 11285
5511 4  11290 1321 1321 10617 10617 1322 1322 11290
5512 4  493 10617 10620 493 1321 10620 10617 1321
5513 4  11292 1322 1322 10616 10616 1323 1323 11292
5543 4  10817 1336 1336 10647 10647 1337 1337 10817
5544 4  10818 1337 1337 10646 10646 1338 1338 10818
5545 4  10647 526 526 10646 1337 10647 10646 1337
5546 4  10819 669 669 10818 1338 10819 10818 1338
5547 4  10819 1338 1338 10650 10650 1339 1339 10819
5548 4  10830 686 686 10819 10819 1339 1339 10830
5549 4  10830 1339 1339 10651 10651 1340 1340 10830
5550 4  10650 531 531 10651 1339 10650 10651 1339
5551 4  10962 822 822 10830 1340 10962 10830 1340
6496 4  9142 1801 1801 9143 9143 1896 1896 9142
6497 4  9143 1801 1801 9055 1850 9143 9055 1850
6498 4  1801 9069 9055 1801 9069 1909 1909 9055
6506 4  9068 1805 1805 9155 9155 1818 1818 9068
6507 4  9155 1805 1805 9156 9156 1909 1909 9155
6508 4  9156 1805 1805 9047 1849 9156 9047 1849
6509 4  1805 9068 9047 1805 9068 1925 1925 9047
6530 4  9154 1813 1813 9063 9063 1818 1818 9154
6576 4  9088 1838 1838 9099 9099 1927 1927 9088
6577 4  1838 9157 9099 1838 9157 1849 1849 9099
6578 4  1839 9144 9100 1839 9144 1850 1850 9100
6596 4  9100 1850 1850 9055 9055 1910 1910 9100
6603 4  9158 1838 1838 9088 1854 9158 9088 1854
6687 4  1896 9143 9051 1896 1897 9051 9143 1897
6688 4  9143 1850 1850 9144 9144 1897 1897 9143
6713 4  1909 9156 9055 1909 1910 9055 9156 1910
6714 4  9156 1849 1849 9157 9157 1910 1910 9156
6715 4  9089 1839 1839 9100 9100 1911 1911 9089
6716 4  9089 1911 1911 9158 1912 9089 9158 1912
6717 4  9157 1838 1838 9158 9158 1911 1911 9157
6718 4  9100 1910 1910 9157 1911 9100 9157 1911
6720 4  9158 1854 1854 9159 9159 1912 1912 9158
6730 4  9166 1917 1917 9182 1918 9166 9182 1918
6731 4  9182 1917 1917 9183 9183 1934 1934 9182
6732 4  1917 9165 9183 1917 9165 1922 1922 9183
6738 4  9170 1921 1921 9184 1922 9170 9184 1922
6740 4  1921 9169 9185 1921 9169 1923 1923 9185
6742 4  1818 9063 9068 1818 9063 1924 1924 9068
6743 4  9068 1924 1924 9172 1925 9068 9172 1925
6744 4  9172 1924 1924 9171 9171 1933 1933 9172
6745 4  1924 9063 9171 1924 9063 1955 1955 9171
6746 4  9047 1925 1925 9173 1926 9047 9173 1926
6747 4  9173 1925 1925 9172 9172 1934 1934 9173
6748 4  9099 1849 1849 9047 9047 1926 1926 9099
6749 4  9174 1926 1926 9173 9173 1935 1935 9174
6750 4  9088 1927 1927 9175 1928 9088 9175 1928
6751 4  9099 1926 1926 9174 1927 9099 9174 1927
6752 4  9104 1854 1854 9088 9088 1928 1928 9104
6759 4  9181 1918 1918 9182 9182 1933 1933 9181
6760 4  1933 9182 9172 1933 9182 1934 1934 9172
6761 4  1934 9183 9173 1934 9183 1935 1935 9173
6762 4  9183 1922 1922 9184 9184 1935 1935 9183
6763 4  9184 1921 1921 9185 9185 1936 1936 9184
6764 4  1935 9184 9174 1935 9184 1936 1936 9174
6765 4  9175 1927 1927 9174 9174 1936 1936 9175
6766 4  1936 9185 9175 1936 9185 1937 1937 9175
6794 4  1813 9048 9063 1813 9048 1951 1951 9063
6795 4  9201 1951 1951 9202 9202 2762 2762 9201
6801 4  9171 1955 1955 9205 1956 9171 9205 1956
6802 4  9063 1951 1951 9201 1955 9063 9201 1955
6803 4  9181 1933 1933 9171 9171 1956 1956 9181
6804 4  9181 1956 1956 9206 1957 9181 9206 1957
6805 4  9167 1918 1918 9181 9181 1957 1957 9167
6859 4  1981 9362 9361 1981 9362 2090 2090 9361
6876 4  9341 1989 1989 9342 9342 2071 2071 9341
6877 4  9342 1989 1989 9329 9329 2109 2109 9342
6878 4  9243 1990 1990 9364 2088 9243 9364 2088
6879 4  9364 1990 1990 9365 9365 2094 2094 9364
6880 4  1990 9243 9252 1990 9243 2071 2071 9252
7016 4  1989 9330 9329 1989 9330 2060 2060 9329
7018 4  2060 9330 9238 2060 9330 2091 2091 9238
7037 4  9341 2071 2071 9243 2089 9341 9243 2089
7067 4  9243 2088 2088 9360 9360 2089 2089 9243
7070 4  9341 2089 2089 9361 9361 2090 2090 9341
7071 4  9330 1989 1989 9341 2090 9330 9341 2090
7072 4  9362 2061 2061 9363 9363 2091 2091 9362
7073 4  9330 2090 2090 9362 9362 2091 2091 9330
7076 4  9366 2088 2088 9364 9364 2093 2093 9366
7077 4  9367 2093 2093 9244 9244 2762 2762 9367
7078 4  2093 9364 9244 2093 9364 2094 2094 9244
7079 4  9244 2094 2094 9253 9253 2763 2763 9244
7080 4  2094 9365 9253 2094 9365 2111 2111 9253
7081 4  9366 2093 2093 9367 9367 2095 2095 9366
7105 4  9329 2060 2060 9247 9247 2107 2107 9329
7106 4  9329 2107 2107 9381 2109 9329 9381 2109
7107 4  9381 2107 2107 9377 9377 2243 2243 9381
7109 4  9365 1990 1990 9252 9252 2108 2108 9365
7110 4  9342 2109 2109 9384 2110 9342 9384 2110
7111 4  2071 9342 9252 2071 9342 2110 2110 9252
7112 4  2108 9252 9382 2108 9252 2110 2110 9382
7113 4  9382 2110 2110 9384 9384 2246 2246 9382
7114 4  9253 2111 2111 9385 9385 2764 2764 9253
7115 4  9385 2111 2111 9383 9383 2247 2247 9385
7116 4  9365 2108 2108 9383 2111 9365 9383 2111
7388 4  9381 2243 2243 9525 2245 9381 9525 2245
7390 4  9383 2108 2108 9382 9382 2244 2244 9383
7391 4  9383 2244 2244 9527 2247 9383 9527 2247
7392 4  9527 2244 2244 9526 9526 2742 2742 9527
7393 4  2244 9382 9526 2244 9382 2246 2246 9526
7394 4  9384 2109 2109 9381 9381 2245 2245 9384
7395 4  9384 2245 2245 9528 2246 9384 9528 2246
8057 4  9861 2578 2578 9859 9859 2740 2740 9861
8372 4  9525 2243 2243 9524 9524 2739 2739 9525
8373 4  9528 2245 2245 9525 9525 2740 2740 9528
8374 4  2739 9861 9525 2739 2740 9525 9861 2740
8376 4  9528 2740 2740 9859 9859 2741 2741 9528
8377 4  9526 2246 2246 9528 9528 2741 2741 9526
8378 4  2741 9857 9526 2741 2742 9526 9857 2742
8379 4  9529 2247 2247 9527 9527 2743 2743 9529
8419 4  9201 2762 2762 9244 9244 2763 2763 9201
8420 4  9205 1955 1955 9201 9201 2763 2763 9205
8421 4  2763 9253 9205 2763 2764 9205 9253 2764
8422 4  9206 1956 1956 9205 9205 2764 2764 9206
8423 4  9385 2247 2247 9529 9529 2765 2765 9385
8424 4  9206 2764 2764 9385 9385 2765 2765 9206
8425 4  9207 1957 1957 9206 9206 2765 2765 9207
8426 4  2745 9207 9529 2745 2765 9529 9207 2765
9047 4  6508 6509 6748 6508 6509 6746 6746 6748
9055 4  6497 6498 6596 6497 6498 6713 6713 6596
9063 5  6530 6794 6742 6530 6745 6742 6794 6802 6802 6745
9068 4  6509 6506 6506 6742 6742 6743 6743 6509
9088 4  6603 6576 6752 6603 6576 6750 6750 6752
9089 4  6605 6715 6719 6605 6715 6716 6716 6719
9099 4  6576 6577 6577 6748 6748 6751 6751 6576
9100 4  6715 6578 6578 6596 6596 6718 6718 6715
9143 4  6496 6497 6497 6688 6687 6496 6688 6687
9156 4  6507 6508 6508 6714 6713 6507 6714 6713
9157 4  6577 6717 6714 6577 6718 6714 6717 6718
9158 4  6717 6603 6603 6720 6716 6717 6720 6716
9171 4  6744 6745 6803 6744 6745 6801 6801 6803
9172 4  6743 6744 6747 6743 6744 6760 6760 6747
9173 4  6746 6747 6749 6746 6747 6761 6761 6749
9174 4  6751 6749 6765 6751 6749 6764 6764 6765
9175 4  6750 6765 6767 6750 6765 6766 6766 6767
9181 4  6805 6759 6759 6803 6803 6804 6804 6805
9182 4  6730 6731 6759 6730 6760 6759 6731 6760
9183 4  6731 6732 6732 6762 6761 6731 6762 6761
9184 4  6738 6763 6762 6738 6764 6762 6763 6764
9185 4  6763 6740 6740 6741 6766 6763 6741 6766
9201 4  6802 6795 8420 6802 6795 8419 8419 8420
9205 4  6801 8420 8422 6801 8420 8421 8421 8422
9206 4  6804 8422 8425 6804 8422 8424 8424 8425
9207 4  6806 8425 8383 6806 8426 8383 8425 8426
9243 4  6880 6878 7037 6880 6878 7067 7067 7037
9244 4  7077 7078 7078 7079 8419 7077 7079 8419
9252 4  7109 6880 6880 7111 7112 7109 7111 7112
9253 4  7079 7080 7080 7114 8421 7079 7114 8421
9329 4  6877 7016 7016 7105 7105 7106 7106 6877
9330 4  7016 7071 7018 7016 7071 7073 7073 7018
9341 4  7071 6876 6876 7037 7037 7070 7070 7071
9342 4  6876 6877 7111 6876 6877 7110 7110 7111
9362 4  6859 6857 6857 7072 7073 6859 7072 7073
9364 4  6878 6879 7076 6878 7078 7076 6879 7078
9365 4  6879 7109 7080 6879 7109 7116 7116 7080
9366 4  7082 7068 7068 7076 7076 7081 7081 7082
9367 4  7081 7077 7083 7081 8418 7083 7077 8418
9381 4  7106 7107 7394 7106 7107 7388 7388 7394
9382 4  7390 7112 7112 7113 7393 7390 7113 7393
9383 4  7116 7390 7115 7116 7390 7391 7391 7115
9384 4  7110 7394 7113 7110 7394 7395 7395 7113
9385 4  7114 7115 7115 8423 8424 7114 8423 8424
9525 4  7388 8372 8373 7388 8372 8374 8374 8373
9526 4  7392 7393 7393 8377 8377 8378 8378 7392
9527 4  7391 7392 8379 7391 7392 8382 8382 8379
9528 4  7395 8373 8377 7395 8373 8376 8376 8377
9529 4  8423 8379 8379 8380 8380 8426 8426 8423
9861 4  8062 8057 8061 8062 8374 8061 8057 8374
10528 4  3640 3604 3822 3640 3821 3822 3604 3821
10529 4  3606 3640 3640 3799 3799 3800 3800 3606
10530 4  3605 3606 3702 3605 3606 3801 3801 3702
10531 4  3604 3605 3605 3827 3825 3604 3827 3825
10540 4  3638 3614 3637 3638 3858 3637 3614 3858
10541 4  3826 3638 3638 3824 3824 3821 3821 3826
10542 4  3615 3826 3701 3615 3826 3825 3825 3701
10543 4  3614 3615 3615 3699 3860 3614 3699 3860
10554 4  3641 3621 3798 3641 3800 3798 3621 3800
10557 4  3621 3622 3622 3703 3801 3621 3703 3801
10565 5  3908 3639 3639 3637 3637 3857 3917 3908 3857 3917
10592 4  3678 3700 3700 3701 3701 3828 3828 3678
10593 4  3713 3678 3830 3713 3678 3829 3829 3830
10594 4  3677 3713 3713 3714 3863 3677 3714 3863
10595 4  3700 3677 3699 3700 3862 3699 3677 3862
10596 4  3803 3679 3679 3702 3702 3802 3802 3803
10598 4  3680 3681 3681 3715 3829 3680 3715 3829
10599 4  3679 3680 3827 3679 3828 3827 3680 3828
10616 4  3843 3841 3841 3855 5513 3843 3855 5513
10617 4  3842 3843 5512 3842 5511 5512 3843 5511
10618 4  3876 3842 3842 3844 3844 3873 3873 3876
10619 4  3841 3876 3879 3841 3876 3878 3878 3879
10620 4  3845 5512 5504 3845 5503 5504 5512 5503
10621 4  3844 3845 3875 3844 3920 3875 3845 3920
10625 4  3854 3853 3855 3854 5514 3855 3853 5514
10626 4  3852 3854 3854 3879 3879 3877 3877 3852
10628 4  3874 3858 3858 3859 3873 3874 3859 3873
10629 4  3857 3874 3874 3875 3919 3857 3875 3919
10630 4  3859 3860 3860 3861 3878 3859 3861 3878
10631 4  3861 3862 3862 3881 3877 3861 3881 3877
10646 4  5545 3917 3917 3918 5544 5545 3918 5544
10647 4  3912 5545 5542 3912 5543 5542 5545 5543
10650 4  3918 3919 3919 5550 5547 3918 5550 5547
10651 4  5550 3920 3920 3921 5549 5550 3921 5549
10652 4  3921 5504 5504 5505 5505 5507 5507 3921
10709 4  4203 4060 4060 4200 4200 4202 4202 4203
10711 4  3959 4203 4205 3959 4203 4201 4201 4205
10725 4  4134 3970 4133 4134 3970 4190 4190 4133
10728 4  3970 4150 4150 4186 4186 4187 4187 3970
10730 4  4149 3972 4186 4149 3972 4185 4185 4186
10732 4  3972 3973 4183 3972 4193 4183 3973 4193
10753 4  4188 4130 4130 4189 4190 4188 4189 4190
10754 4  4153 4188 4184 4153 4187 4184 4188 4187
10755 4  3986 4153 4153 4151 4218 3986 4151 4218
10756 4  4130 3986 4129 4130 4217 4129 3986 4217
10757 4  4182 4152 4152 4184 4185 4182 4184 4185
10758 4  3988 4182 4182 4183 4183 4194 4194 3988
10759 4  3987 3988 3988 4221 4219 3987 4221 4219
10760 4  4152 3987 4151 4152 3987 4215 4215 4151
10803 4  4128 4129 4212 4128 4211 4212 4129 4211
10804 4  4189 4128 4204 4189 4206 4204 4128 4206
10805 4  4132 4133 4133 4204 4201 4132 4204 4201
10806 4  4131 4132 4199 4131 4202 4199 4132 4202
10817 4  4192 4193 4193 5541 5541 5543 5543 4192
10818 4  4194 4192 5546 4194 4192 5544 5544 5546
10819 4  4221 5546 5548 4221 5546 5547 5547 5548
10822 4  4495 4211 4211 4214 4499 4495 4214 4499
10826 4  4214 4217 4217 4504 4502 4214 4504 4502
10827 4  4216 4219 4219 4220 4507 4216 4220 4507
10828 4  4215 4216 4506 4215 4216 4505 4505 4506
10829 4  4504 4218 4218 4506 4503 4504 4506 4503
10830 4  4220 5548 5551 4220 5548 5549 5549 5551
10958 4  4500 4502 4502 5497 5495 4500 5497 5495
10959 4  4501 4507 4507 5502 5501 4501 5502 5501
10960 4  4505 4501 5499 4505 5498 5499 4501 5498
10961 4  5497 4503 4503 5499 5496 5497 5499 5496
10962 4  5502 5551 5508 5502 5507 5508 5551 5507
11291 4  5170 5171 5171 5176 5176 5496 5496 5170
11293 4  5176 5179 5179 5180 5180 5495 5495 5176
