0 4  2850 5196 3112 2850 2851 3112 5196 2851
9 4  2868 2870 2884 2868 2869 2884 2870 2869
103 4  5492 2850 3054 5492 3055 3054 2850 3055
121 4  2868 3092 3091 2868 4512 3091 3092 4512
126 4  3102 3091 3103 3102 3104 3103 3091 3104
127 4  3102 3105 2870 3102 3135 2870 3105 3135
131 4  3110 3103 3055 3110 4496 3055 3103 4496
132 4  3110 3112 3105 3110 3111 3105 3112 3111
174 4  3218 3196 3195 3218 3260 3195 3196 3260
365 4  3581 3583 3726 3581 3582 3726 3583 3582
366 4  3584 3587 3585 3584 3586 3585 3587 3586
367 4  3645 3195 3588 3645 3709 3588 3195 3709
370 4  3655 3593 3591 3655 3592 3591 3593 3592
371 4  3594 3720 3663 3594 3758 3663 3720 3758
372 4  3777 3595 3708 3777 3748 3708 3595 3748
375 4  3716 3603 3833 3716 3602 3833 3603 3602
376 4  3604 3640 3605 3604 3606 3605 3640 3606
377 4  3813 3609 3607 3813 3608 3607 3609 3608
378 4  3610 3647 3611 3610 3612 3611 3647 3612
379 4  3613 3832 3867 3613 3659 3867 3832 3659
380 4  3614 3638 3615 3614 3826 3615 3638 3826
381 4  3616 3617 3913 3616 3630 3913 3617 3630
382 4  3653 3762 3618 3653 3619 3618 3762 3619
383 4  3807 3620 3661 3807 3784 3661 3620 3784
384 4  3621 3641 3622 3621 3623 3622 3641 3623
388 4  3908 3630 3639 3908 3629 3639 3630 3629
393 4  3637 3639 3638 3637 3824 3638 3639 3824
394 4  3822 3632 3640 3822 3799 3640 3632 3799
395 4  3798 3642 3641 3798 3776 3641 3642 3776
398 4  3646 3658 3647 3646 3648 3647 3658 3648
399 4  3649 3660 3609 3649 3650 3609 3660 3650
400 4  3651 3760 3652 3651 3653 3652 3760 3653
401 4  3665 3656 3654 3665 3655 3654 3656 3655
402 4  3668 3224 3724 3668 3581 3724 3224 3581
403 4  3657 3659 3658 3657 3836 3658 3659 3836
404 4  3834 3602 3660 3834 3810 3660 3602 3810
405 4  3661 3786 3662 3661 3651 3662 3786 3651
406 4  3663 3666 3664 3663 3665 3664 3666 3665
407 4  3586 3230 3667 3586 3668 3667 3230 3668
413 4  3700 3678 3677 3700 3713 3677 3678 3713
414 4  3679 3803 3680 3679 3681 3680 3803 3681
415 4  3682 3704 3719 3682 3683 3719 3704 3683
416 4  3781 3707 3684 3781 3753 3684 3707 3753
417 4  3711 3685 3752 3711 3722 3752 3685 3722
418 4  3686 3817 3687 3686 3616 3687 3817 3616
424 4  3615 3701 3699 3615 3700 3699 3701 3700
425 4  3605 3702 3827 3605 3679 3827 3702 3679
426 4  3703 3622 3704 3703 3705 3704 3622 3705
427 4  3706 3708 3707 3706 3751 3707 3708 3751
428 4  3709 3712 3710 3709 3711 3710 3712 3711
429 4  3713 3830 3714 3713 3613 3714 3830 3613
430 4  3681 3717 3715 3681 3716 3715 3717 3716
431 4  3805 3719 3620 3805 3718 3620 3719 3718
432 4  3783 3684 3720 3783 3721 3720 3684 3721
433 4  3722 3266 3755 3722 3584 3755 3266 3584
434 4  3723 3724 3656 3723 3725 3656 3724 3725
435 4  3725 3726 3593 3725 6614 3593 3726 6614
443 4  3744 3745 3635 3744 3741 3635 3745 3741
445 4  3750 3748 3588 3750 3747 3588 3748 3747
446 4  3749 3751 3710 3749 3750 3710 3751 3750
447 4  3756 3753 3752 3756 3749 3752 3753 3749
448 4  3754 3721 3755 3754 3756 3755 3721 3756
449 4  3757 3758 3585 3757 3754 3585 3758 3754
450 4  3757 3667 3666 3757 3723 3666 3667 3723
451 4  3759 3654 3760 3759 3761 3760 3654 3761
452 4  3761 3591 3762 3761 3763 3762 3591 3763
458 4  3779 3623 3777 3779 3774 3777 3623 3774
459 4  3778 3705 3706 3778 3779 3706 3705 3779
460 4  3780 3683 3781 3780 3778 3781 3683 3778
461 4  3782 3718 3783 3782 3780 3783 3718 3780
462 4  3785 3784 3594 3785 3782 3594 3784 3782
463 4  3785 3664 3786 3785 3759 3786 3664 3759
464 4  3650 3808 3788 3650 3652 3788 3808 3652
465 4  3787 3608 3618 3787 3788 3618 3608 3788
470 4  3800 3799 3798 3800 3794 3798 3799 3794
471 4  3801 3606 3621 3801 3800 3621 3606 3800
472 4  3801 3703 3702 3801 3802 3702 3703 3802
473 4  3802 3682 3803 3802 3804 3803 3682 3804
474 4  3804 3805 3717 3804 3806 3717 3805 3806
475 4  3806 3807 3603 3806 3809 3603 3807 3809
476 4  3808 3810 3662 3808 3809 3662 3810 3809
477 4  3648 3812 3811 3648 3649 3811 3812 3649
478 4  6703 3612 3813 6703 3811 3813 3612 3811
481 4  3819 3599 3617 3819 3820 3617 3599 3820
483 4  3821 3824 3822 3821 3823 3822 3824 3823
484 4  3825 3826 3604 3825 3821 3604 3826 3821
485 4  3825 3827 3701 3825 3828 3701 3827 3828
486 4  3828 3680 3678 3828 3829 3678 3680 3829
487 4  3829 3715 3830 3829 3831 3830 3715 3831
488 4  3831 3833 3832 3831 3835 3832 3833 3835
489 4  3812 3836 3834 3812 3835 3834 3836 3835
490 4  6725 3837 3890 6725 3846 3890 3837 3846
492 4  3841 3843 3876 3841 3842 3876 3843 3842
493 4  3842 5512 3844 3842 3845 3844 5512 3845
494 4  3846 5682 3847 3846 3848 3847 5682 3848
496 4  3856 3853 3852 3856 3854 3852 3853 3854
497 4  3854 3855 3879 3854 3841 3879 3855 3841
499 4  3857 3637 3874 3857 3858 3874 3637 3858
500 4  3858 3614 3859 3858 3860 3859 3614 3860
501 4  3860 3699 3861 3860 3862 3861 3699 3862
502 4  3862 3677 3881 3862 3863 3881 3677 3863
503 4  3863 3714 3864 3863 3865 3864 3714 3865
504 4  3865 3867 3866 3865 3868 3866 3867 3868
505 4  3868 3657 3885 3868 3869 3885 3657 3869
506 4  3869 3646 3870 3869 3871 3870 3646 3871
507 4  3871 3610 3888 3871 3872 3888 3610 3872
508 4  3873 3844 3874 3873 3875 3874 3844 3875
509 4  3878 3876 3859 3878 3873 3859 3876 3873
510 4  3877 3879 3861 3877 3878 3861 3879 3878
511 4  3880 3852 3881 3880 3877 3881 3852 3877
512 4  3883 3882 3864 3883 3880 3864 3882 3880
513 4  3886 3838 3866 3886 3883 3866 3838 3883
514 4  3884 3849 3885 3884 3886 3885 3849 3886
515 4  3889 3847 3870 3889 3884 3870 3847 3884
516 4  3887 3890 3888 3887 3889 3888 3890 3889
526 4  3912 3908 5545 3912 3917 5545 3908 3917
528 4  3911 3913 5542 3911 3912 5542 3913 3912
530 4  3917 3857 3918 3917 3919 3918 3857 3919
531 4  3919 3875 5550 3919 3920 5550 3875 3920
532 4  3920 3845 3921 3920 5504 3921 3845 5504
544 4  3944 3946 4017 3944 3937 4017 3946 3937
548 4  3952 4058 3953 3952 3954 3953 4058 3954
555 4  3966 4063 3968 3966 3969 3968 4063 3969
556 4  3970 4134 4150 3970 3971 4150 4134 3971
557 4  3972 4149 3973 3972 4117 3973 4149 4117
559 4  3984 4191 4224 3984 3975 4224 4191 3975
561 4  3979 4159 3980 3979 4088 3980 4159 4088
562 4  3981 4156 3982 3981 3983 3982 4156 3983
563 4  3983 3985 4213 3983 3984 4213 3985 3984
564 4  4130 4188 3986 4130 4153 3986 4188 4153
565 4  4152 4182 3987 4152 3988 3987 4182 3988
576 4  4016 4013 4011 4016 4012 4011 4013 4012
577 4  4014 4017 4015 4014 4016 4015 4017 4016
588 4  4034 4011 4061 4034 4035 4061 4011 4035
589 4  4018 4015 4036 4018 4034 4036 4015 4034
599 4  4136 4032 3971 4136 4059 3971 4032 4059
601 4  4062 4036 4063 4062 4064 4063 4036 4064
608 4  3977 4078 4077 3977 3979 4077 4078 3979
614 4  4088 4157 4248 4088 3981 4248 4157 3981
630 4  4117 4120 4181 4117 3952 4181 4120 3952
631 4  4118 4057 4119 4118 4120 4119 4057 4120
635 4  4189 4130 4128 4189 4129 4128 4130 4129
636 4  4131 4134 4132 4131 4133 4132 4134 4133
641 4  4336 4126 3933 4336 4144 3933 4126 4144
644 4  4148 4059 4119 4148 4147 4119 4059 4147
645 4  4186 4150 4149 4186 4148 4149 4150 4148
646 4  4151 4153 4152 4151 4184 4152 4153 4184
647 4  4154 3968 3985 4154 4155 3985 3968 4155
659 4  4175 4176 5533 4175 4173 5533 4176 4173
661 4  4180 3953 5537 4180 4177 5537 3953 4177
662 4  4195 4181 5539 4195 4180 5539 4181 4180
663 4  4182 4185 4183 4182 3972 4183 4185 3972
664 4  4184 4187 4185 4184 4186 4185 4187 4186
665 4  4188 4190 4187 4188 3970 4187 4190 3970
666 4  4204 4133 4189 4204 4190 4189 4133 4190
667 4  4155 3959 4191 4155 4205 4191 3959 4205
668 4  4194 4183 4192 4194 4193 4192 4183 4193
669 4  4221 3988 5546 4221 4194 5546 3988 4194
670 4  5541 4193 4195 5541 3973 4195 4193 3973
673 4  4202 4200 4199 4202 4198 4199 4200 4198
674 4  4201 4203 4132 4201 4202 4132 4203 4202
675 4  4206 4205 4204 4206 4201 4204 4205 4201
676 4  4212 3975 4128 4212 4206 4128 3975 4206
680 4  4223 4212 4495 4223 4211 4495 4212 4211
681 4  4256 4213 4498 4256 4222 4498 4213 4222
682 4  4211 4129 4214 4211 4217 4214 4129 4217
683 4  4215 3987 4216 4215 4219 4216 3987 4219
684 4  4217 3986 4504 4217 4218 4504 3986 4218
685 4  4218 4151 4506 4218 4215 4506 4151 4215
686 4  4219 4221 4220 4219 5548 4220 4221 5548
687 4  4222 4224 4508 4222 4223 4508 4224 4223
698 4  4245 4077 4270 4245 4251 4270 4077 4251
699 4  4246 4248 4247 4246 4253 4247 4248 4253
701 4  4251 3980 4252 4251 4246 4252 3980 4246
702 4  4253 3982 4254 4253 4255 4254 3982 4255
703 4  4255 4256 4283 4255 4511 4283 4256 4511
710 4  4268 4270 4269 4268 4277 4269 4270 4277
711 4  4271 4247 4272 4271 4273 4272 4247 4273
712 4  4274 4276 4275 4274 4268 4275 4276 4268
713 4  4277 4252 4278 4277 4271 4278 4252 4271
714 4  4273 4254 4279 4273 4280 4279 4254 4280
715 4  4280 4283 4281 4280 4282 4281 4283 4282
744 4  4359 3946 4344 4359 4345 4344 3946 4345
816 4  4493 4495 4494 4493 4499 4494 4495 4499
817 4  4510 4498 4496 4510 4497 4496 4498 4497
818 4  4499 4214 4500 4499 4502 4500 4214 4502
819 4  4505 4216 4501 4505 4507 4501 4216 4507
820 4  4502 4504 5497 4502 4503 5497 4504 4503
821 4  4503 4506 5499 4503 4505 5499 4506 4505
822 4  4507 4220 5502 4507 5551 5502 4220 5551
823 4  4497 4508 3054 4497 4493 3054 4508 4493
824 4  4509 4511 3104 4509 4510 3104 4511 4510
825 4  4514 4282 4512 4514 4509 4512 4282 4509
1151 4  5169 5172 5170 5169 5171 5170 5172 5171
1155 4  5179 5156 5180 5179 5181 5180 5156 5181
1162 4  5493 5181 5196 5493 5207 5196 5181 5207
1313 4  5492 4494 5493 5492 5494 5493 4494 5494
1314 4  5495 5180 4500 5495 5494 4500 5180 5494
1315 4  5495 5497 5176 5495 5496 5176 5497 5496
1316 4  5498 5170 5499 5498 5496 5499 5170 5496
1317 4  5498 4501 5500 5498 5501 5500 4501 5501
1318 4  5501 5502 5162 5501 5508 5162 5502 5508
1319 4  5503 5506 5504 5503 5505 5504 5506 5505
1320 4  5507 5505 5508 5507 5509 5508 5505 5509
1321 4  5503 5512 5510 5503 5511 5510 5512 5511
1331 4  5530 5532 3891 5530 5531 3891 5532 5531
1337 4  5543 5545 4192 5543 5544 4192 5545 5544
1338 4  5547 5546 3918 5547 5544 3918 5546 5544
1339 4  5547 5550 5548 5547 5549 5548 5550 5549
1340 4  5507 5551 3921 5507 5549 3921 5551 5549
1401 4  5679 5682 5680 5679 5681 5680 5682 5681
1402 4  5681 3837 5683 5681 8559 5683 3837 8559
1425 4  5729 5940 5733 5729 5730 5733 5940 5730
1433 4  6025 5748 5761 6025 5747 5761 5748 5747
1434 4  5993 5981 5748 5993 5763 5748 5981 5763
1528 4  5940 5943 5941 5940 5942 5941 5943 5942
1546 4  5978 5981 5979 5978 5980 5979 5981 5980
1551 4  5980 5994 5990 5980 6002 5990 5994 6002
1552 4  5991 5994 5992 5991 5993 5992 5994 5993
1556 4  6002 6003 7386 6002 5941 7386 6003 5941
1557 4  5730 6003 5996 5730 5991 5996 6003 5991
1795 4  6483 6547 3592 6483 6648 3592 6547 6648
1800 4  6494 6604 6556 6494 6721 6556 6604 6721
1801 4  6495 6498 6496 6495 6497 6496 6498 6497
1802 4  6545 6702 6499 6545 3607 6499 6702 3607
1803 4  6500 6501 6700 6500 3611 6700 6501 3611
1804 4  6502 6505 6503 6502 6504 6503 6505 6504
1805 4  6506 6509 6507 6506 6508 6507 6509 6508
1806 4  6510 6584 6511 6510 6512 6511 6584 6512
1807 4  6513 6514 3619 6513 6675 3619 6514 6675
1808 4  6515 6516 6668 6515 6561 6668 6516 6561
1809 4  6536 6517 6659 6536 6597 6659 6517 6597
1810 4  6589 6519 6518 6589 6526 6518 6519 6526
1818 4  6530 6742 6531 6530 6506 6531 6742 6506
1823 4  6541 6543 6542 6541 6500 6542 6543 6500
1824 4  6558 6699 6544 6558 6545 6544 6699 6545
1825 4  6647 6546 6514 6647 6673 6514 6546 6673
1826 4  6613 6549 6547 6613 6548 6547 6549 6548
1828 4  6503 6555 6554 6503 6541 6554 6555 6541
1829 4  6556 6559 6557 6556 6558 6557 6559 6558
1830 4  6560 6561 6546 6560 6697 6546 6561 6697
1831 4  6646 6563 6549 6646 6562 6549 6563 6562
1833 4  6566 6567 6586 6566 6799 6586 6567 6799
1838 4  6717 6577 6603 6717 6576 6603 6577 6576
1839 4  6690 6578 6605 6690 6715 6605 6578 6715
1840 4  6598 6689 6664 6598 6606 6664 6689 6606
1843 4  6583 6586 6584 6583 6585 6584 6586 6585
1849 4  6714 6508 6577 6714 6748 6577 6508 6748
1850 4  6688 6497 6578 6688 6596 6578 6497 6596
1851 4  6597 6599 6662 6597 6598 6662 6599 6598
1854 4  6720 6603 6505 6720 6752 6505 6603 6752
1855 4  6693 6605 6604 6693 6719 6604 6605 6719
1856 4  6606 6692 6607 6606 6515 6607 6692 6515
1859 4  6552 6645 6615 6552 6613 6615 6645 6613
1860 4  6475 6615 6614 6475 6483 6614 6615 6483
1875 4  6644 6643 6645 6644 6646 6645 6643 6646
1876 4  6548 6670 6649 6548 6647 6649 6670 6647
1877 4  6648 6649 3763 6648 6513 3763 6649 6513
1884 4  6662 6665 6661 6662 6663 6661 6665 6663
1888 4  6562 6671 6670 6562 6560 6670 6671 6560
1889 4  6672 6544 6673 6672 6674 6673 6544 6674
1890 4  6499 3787 6674 6499 6675 6674 3787 6675
1896 4  6496 6687 6686 6496 6517 6686 6687 6517
1897 4  6599 6687 6691 6599 6688 6691 6687 6688
1898 4  6689 6691 6694 6689 6690 6694 6691 6690
1899 4  6692 6694 6695 6692 6693 6695 6694 6693
1900 4  6516 6695 6696 6516 6494 6696 6695 6494
1901 4  6557 6672 6696 6557 6697 6696 6672 6697
1902 4  6698 6542 6699 6698 6701 6699 6542 6701
1903 4  6700 6703 6701 6700 6702 6701 6703 6702
1905 4  6705 6707 6706 6705 6583 6706 6707 6583
1908 4  6531 6712 6711 6531 6533 6711 6712 6533
1909 4  6507 6713 6712 6507 6498 6712 6713 6498
1910 4  6596 6713 6718 6596 6714 6718 6713 6714
1911 4  6715 6718 6716 6715 6717 6716 6718 6717
1912 4  6719 6716 6723 6719 6720 6723 6716 6720
1913 4  6721 6723 6722 6721 6502 6722 6723 6502
1914 4  6554 6698 6722 6554 6559 6722 6698 6559
1915 4  6724 6725 6734 6724 6776 6734 6725 6776
1916 4  6726 6728 6727 6726 6769 6727 6728 6769
1917 4  6729 6732 6730 6729 6731 6730 6732 6731
1918 4  8386 6730 6805 8386 6759 6805 6730 6759
1919 4  8557 6734 6733 8557 6774 6733 6734 6774
1920 4  6735 6733 6728 6735 6736 6728 6733 6736
1921 4  6737 6740 6738 6737 6763 6738 6740 6763
1923 4  6739 6727 6740 6739 6741 6740 6727 6741
1924 4  6742 6745 6743 6742 6744 6743 6745 6744
1925 4  6509 6743 6746 6509 6747 6746 6743 6747
1926 4  6748 6746 6751 6748 6749 6751 6746 6749
1927 4  6576 6751 6750 6576 6765 6750 6751 6765
1928 4  6752 6750 6754 6752 6767 6754 6750 6767
1929 4  6504 6754 6753 6504 6770 6753 6754 6770
1930 4  6555 6753 6755 6555 6772 6755 6753 6772
1931 4  6543 6755 6758 6543 6756 6758 6755 6756
1932 4  6501 6758 3872 6501 6757 3872 6758 6757
1933 4  6759 6760 6803 6759 6744 6803 6760 6744
1934 4  6731 6761 6760 6731 6747 6760 6761 6747
1935 4  6762 6764 6761 6762 6749 6761 6764 6749
1936 4  6763 6766 6764 6763 6765 6764 6766 6765
1937 4  6741 6768 6766 6741 6767 6766 6768 6767
1938 4  6769 6771 6768 6769 6770 6768 6771 6770
1939 4  6736 6773 6771 6736 6772 6771 6773 6772
1940 4  6774 6775 6773 6774 6756 6773 6775 6756
1941 4  6776 3887 6775 6776 6757 6775 3887 6757
1951 4  6794 6798 6802 6794 6795 6802 6798 6795
1952 4  6585 6797 6796 6585 8415 6796 6797 8415
1953 4  6512 6796 6798 6512 8417 6798 6796 8417
1955 4  6745 6802 6801 6745 8420 6801 6802 8420
1956 4  6803 6801 6804 6803 8422 6804 6801 8422
1957 4  6805 6804 6806 6805 8425 6806 6804 8425
1961 4  6815 6818 6816 6815 6817 6816 6818 6817
1973 4  6843 7007 6999 6843 7062 6999 7007 7062
1976 4  6951 6855 6846 6951 6847 6846 6855 6847
1980 4  6854 6852 6855 6854 6856 6855 6852 6856
1981 4  6857 6859 6858 6857 7035 6858 6859 7035
1982 4  7036 7068 6860 7036 7082 6860 7068 7082
1984 4  6863 6866 6864 6863 6865 6864 6866 6865
1987 4  6871 6872 6875 6871 7145 6875 6872 7145
1988 4  6873 6875 6866 6873 6874 6866 6875 6874
1989 4  7071 7016 6876 7071 6877 6876 7016 6877
1990 4  6878 6880 6879 6878 7109 6879 6880 7109
1998 4  6897 6994 6898 6897 6811 6898 6994 6811
1999 4  6899 7004 6900 6899 6815 6900 7004 6815
2000 4  6820 7024 7029 6820 6901 7029 7024 6901
2014 4  6925 6907 6924 6925 6953 6924 6907 6953
2026 4  6953 6927 6952 6953 6854 6952 6927 6854
2050 4  6997 6999 6998 6997 7061 6998 6999 7061
2055 4  7006 6860 7007 7006 7008 7007 6860 7008
2056 4  6944 7011 7006 6944 7009 7006 7011 7009
2060 4  7016 7018 7105 7016 7017 7105 7018 7017
2061 4  6857 7020 7072 6857 7019 7072 7020 7019
2062 4  6949 7021 7020 6949 7090 7020 7021 7090
2064 4  7024 7025 7023 7024 7085 7023 7025 7085
2070 4  7035 7069 7034 7035 7036 7034 7069 7036
2071 4  6876 7111 7037 6876 6880 7037 7111 6880
2072 4  6856 7039 7075 6856 6873 7075 7039 6873
2088 4  7067 6878 7068 7067 7076 7068 6878 7076
2089 4  7070 7037 7069 7070 7067 7069 7037 7067
2090 4  7073 7071 6859 7073 7070 6859 7071 7070
2091 4  7072 7074 7073 7072 7018 7073 7074 7018
2092 4  6847 7075 7093 6847 6863 7093 7075 6863
2093 4  7076 7078 7081 7076 7077 7081 7078 7077
2094 4  6879 7080 7078 6879 7079 7078 7080 7079
2096 4  7084 6903 7085 7084 7087 7085 6903 7087
2097 4  7086 7089 7087 7086 7088 7087 7089 7088
2098 4  6950 7091 7089 6950 7090 7089 7091 7090
2105 4  7095 7104 7108 7095 7103 7108 7104 7103
2106 4  6874 7148 7118 6874 7385 7118 7148 7385
2107 4  7105 7108 7106 7105 7107 7106 7108 7107
2108 4  7109 7112 7116 7109 7390 7116 7112 7390
2109 4  6877 7106 7110 6877 7394 7110 7106 7394
2110 4  7111 7110 7112 7111 7113 7112 7110 7113
2111 4  7080 7116 7114 7080 7115 7114 7116 7115
2112 4  6865 7118 7104 6865 7117 7104 7118 7117
2123 4  7136 7138 7137 7136 7164 7137 7138 7164
2124 4  7139 7142 7140 7139 7141 7140 7142 7141
2125 4  7143 7144 7138 7143 7167 7138 7144 7167
2126 4  6870 7137 7142 6870 7169 7142 7137 7169
2127 4  7145 7140 7146 7145 7147 7146 7140 7147
2128 4  7148 7146 7149 7148 7174 7149 7146 7174
2134 4  7160 7163 7161 7160 7162 7161 7163 7162
2135 4  7164 7168 7165 7164 7166 7165 7168 7166
2136 4  7141 7170 7173 7141 7190 7173 7170 7190
2137 4  7167 7161 7168 7167 7191 7168 7161 7191
2138 4  7169 7165 7170 7169 7194 7170 7165 7194
2139 4  7147 7173 7171 7147 7172 7171 7173 7172
2140 4  7174 7171 7175 7174 7176 7175 7171 7176
2241 4  7103 7396 7389 7103 8369 7389 7396 8369
2242 4  7385 7387 7397 7385 7386 7397 7387 7386
2243 4  7107 7389 7388 7107 8372 7388 7389 8372
2244 4  7390 7393 7391 7390 7392 7391 7393 7392
2245 4  7394 7388 7395 7394 8373 7395 7388 8373
2246 4  7113 7395 7393 7113 8377 7393 7395 8377
2247 4  7115 7391 8423 7115 8379 8423 7391 8379
2248 4  7117 7397 7396 7117 5942 7396 7397 5942
2249 4  7149 7398 7387 7149 5990 7387 7398 5990
2250 4  7175 7399 7398 7175 5979 7398 7399 5979
2580 4  8060 8062 8073 8060 8061 8073 8062 8061
2587 4  8073 8370 8083 8073 5729 8083 8370 5729
2738 4  8369 5943 8371 8369 8370 8371 5943 8370
2739 4  8061 8374 8371 8061 8372 8371 8374 8372
2740 4  8373 8374 8376 8373 8057 8376 8374 8057
2741 4  8375 8378 8376 8375 8377 8376 8378 8377
2742 4  7392 8378 8382 7392 8050 8382 8378 8050
2761 4  8417 8416 8418 8417 7083 8418 8416 7083
2762 4  6795 8418 8419 6795 7077 8419 8418 7077
2763 4  7079 8421 8419 7079 8420 8419 8421 8420
2764 4  8422 8421 8424 8422 7114 8424 8421 7114
2765 4  8423 8426 8424 8423 8425 8424 8426 8425
2825 4  6735 8555 8558 6735 8599 8558 8555 8599
2826 4  8557 8558 8560 8557 8601 8560 8558 8601
2827 4  6724 8560 8559 6724 8605 8559 8560 8605
2850 4  10100 0 0 10103 103 10100 10103 103
2868 4  10122 9 9 10123 10123 121 121 10122
2869 4  10118 8 8 10121 10121 9 9 10118
2870 4  9 10122 10118 9 10122 127 127 10118
2884 4  10123 9 9 10121 17 10123 10121 17
3054 4  10254 103 103 10253 10253 823 823 10254
3055 4  10253 103 103 10103 10103 131 131 10253
3091 4  10122 121 121 10266 126 10122 10266 126
3092 4  121 10123 10265 121 10123 122 122 10265
3102 4  10122 126 126 10272 10272 127 127 10122
3103 4  10272 126 126 10271 131 10272 10271 131
3104 4  10271 126 126 10266 10266 824 824 10271
3105 4  127 10272 10273 127 10272 132 132 10273
3110 4  10272 131 131 10103 10103 132 132 10272
3112 4  10103 0 0 10102 132 10103 10102 132
3195 4  10308 174 174 10307 367 10308 10307 367
3196 4  10300 169 169 10299 174 10300 10299 174
3261 4  10339 198 198 10338 207 10339 10338 207
3266 4  10336 210 210 10306 433 10336 10306 433
3581 4  10304 365 365 10498 10498 402 402 10304
3582 4  9039 365 365 8796 8796 1790 1790 9039
3584 4  10306 366 366 10500 10500 433 433 10306
3585 4  10500 366 366 10499 10499 449 449 10500
3586 4  10499 366 366 10305 10305 407 407 10499
3588 4  10502 367 367 10501 10501 445 445 10502
3591 4  10507 370 370 9057 452 10507 9057 452
3592 4  9057 370 370 9111 9111 1795 1795 9057
3593 4  370 10506 9111 370 10506 435 435 9111
3594 4  10508 371 371 10511 10511 462 462 10508
3598 4  10520 374 374 10523 10523 419 419 10520
3602 4  10526 375 375 10525 404 10526 10525 404
3603 4  375 10524 10525 375 10524 475 475 10525
3604 4  10528 376 376 10531 10531 484 484 10528
3605 4  10531 376 376 10530 10530 425 425 10531
3606 4  10530 376 376 10529 471 10530 10529 471
3607 4  9053 377 377 9137 9137 1802 1802 9053
3608 4  9137 377 377 10533 465 9137 10533 465
3609 4  377 10532 10533 377 10532 399 399 10533
3610 4  10534 378 378 9045 507 10534 9045 507
3611 4  9045 378 378 9150 9150 1803 1803 9045
3612 4  9150 378 378 10535 478 9150 10535 478
3613 4  10536 379 379 10539 10539 429 429 10536
3614 4  10540 380 380 10543 500 10540 10543 500
3615 4  10543 380 380 10542 10542 424 424 10543
3617 4  381 10544 10545 381 10544 481 481 10545
3618 4  10549 382 382 9052 9052 465 465 10549
3619 4  9052 382 382 9124 9124 1807 1807 9052
3620 4  383 10550 10551 383 10550 431 431 10551
3621 4  10554 384 384 10557 10557 471 471 10554
3622 4  10557 384 384 10556 426 10557 10556 426
3623 4  10556 384 384 10555 458 10556 10555 458
3630 4  10546 381 381 10545 388 10546 10545 388
3637 4  10565 393 393 10540 499 10565 10540 499
3638 4  380 10540 10541 380 10540 393 393 10541
3640 4  376 10528 10529 376 10528 394 394 10529
3641 4  384 10554 10555 384 10554 395 395 10555
3646 4  10573 398 398 10534 506 10573 10534 506
3647 4  378 10534 10535 378 10534 398 398 10535
3648 4  10535 398 398 10574 10574 477 477 10535
3649 4  10575 399 399 10532 10532 477 477 10575
3650 4  10533 399 399 10576 10576 464 464 10533
3651 4  10577 400 400 10578 10578 405 405 10577
3652 4  10578 400 400 10549 10549 464 464 10578
3653 4  10548 382 382 10549 10549 400 400 10548
3654 4  10580 401 401 10507 451 10580 10507 451
3655 4  10506 370 370 10507 10507 401 401 10506
3656 4  401 10579 10506 401 10579 434 434 10506
3657 4  10538 403 403 10573 505 10538 10573 505
3658 4  398 10573 10574 398 10573 403 403 10574
3659 4  10538 379 379 10537 403 10538 10537 403
3660 4  399 10575 10576 399 10575 404 404 10576
3661 4  10553 383 383 10552 10552 405 405 10553
3662 4  10553 405 405 10578 10578 476 476 10553
3663 4  10511 371 371 10510 10510 406 406 10511
3664 4  10511 406 406 10580 463 10511 10580 463
3665 4  10579 401 401 10580 10580 406 406 10579
3666 4  406 10510 10579 406 10510 450 450 10579
3667 4  10499 407 407 10581 450 10499 10581 450
3670 4  10492 410 410 10587 466 10492 10587 466
3677 4  10595 413 413 10594 502 10595 10594 502
3678 4  413 10592 10593 413 10592 486 486 10593
3679 4  10596 414 414 10599 10599 425 425 10596
3680 4  10599 414 414 10598 486 10599 10598 486
3681 4  10598 414 414 10597 10597 430 430 10598
3682 4  10600 415 415 10603 473 10600 10603 473
3683 4  10602 415 415 10601 460 10602 10601 460
3684 4  10607 416 416 10606 432 10607 10606 432
3685 4  10338 198 198 10336 417 10338 10336 417
3686 4  10583 408 408 10582 10582 418 418 10583
3687 4  10583 418 418 10547 527 10583 10547 527
3699 4  10543 424 424 10595 501 10543 10595 501
3700 4  10592 413 413 10595 10595 424 424 10592
3701 4  424 10542 10592 424 10542 485 485 10592
3702 4  425 10530 10596 425 10530 472 472 10596
3703 4  10557 426 426 10600 472 10557 10600 472
3704 4  415 10600 10601 415 10600 426 426 10601
3705 4  10601 426 426 10556 459 10601 10556 459
3706 4  10515 427 427 10604 10604 459 459 10515
3707 4  416 10604 10605 416 10604 427 427 10605
3708 4  10515 372 372 10514 427 10515 10514 427
3709 4  10501 367 367 10307 10307 428 428 10501
3710 4  10501 428 428 10609 10609 446 446 10501
3711 4  10338 417 417 10609 10609 428 428 10338
3712 4  10307 207 207 10338 428 10307 10338 428
3713 4  10594 413 413 10593 10593 429 429 10594
3714 4  10594 429 429 10539 503 10594 10539 503
3715 4  10598 430 430 10527 487 10598 10527 487
3716 4  10524 375 375 10527 10527 430 430 10524
3717 4  430 10597 10524 430 10597 474 474 10524
3718 4  10551 431 431 10602 461 10551 10602 461
3719 4  10603 415 415 10602 431 10603 10602 431
3720 4  371 10508 10509 371 10508 432 432 10509
3721 4  10509 432 432 10606 448 10509 10606 448
3722 4  10608 417 417 10336 10336 433 433 10608
3723 4  10581 434 434 10579 10579 450 450 10581
3724 4  10581 402 402 10498 434 10581 10498 434
3725 4  10506 434 434 10498 10498 435 435 10506
3726 4  10498 365 365 9039 435 10498 9039 435
3746 4  10513 396 396 10570 444 10513 10570 444
3748 4  10514 372 372 10513 445 10514 10513 445
3749 4  10605 446 446 10609 10609 447 447 10605
3750 4  10514 445 445 10501 10501 446 446 10514
3751 4  10605 427 427 10514 446 10605 10514 446
3752 4  10609 417 417 10608 10608 447 447 10609
3753 4  10606 416 416 10605 447 10606 10605 447
3754 4  10509 448 448 10500 10500 449 449 10509
3755 4  10608 433 433 10500 10500 448 448 10608
3756 4  10606 447 447 10608 10608 448 448 10606
3757 4  10510 449 449 10499 10499 450 450 10510
3758 4  10510 371 371 10509 449 10510 10509 449
3759 4  10580 451 451 10577 10577 463 463 10580
3760 4  400 10577 10548 400 10577 451 451 10548
3761 4  10548 451 451 10507 10507 452 452 10548
3762 4  382 10548 9124 382 10548 452 452 9124
3763 4  9124 452 452 9057 9057 1877 1877 9124
3777 4  10512 372 372 10515 10515 458 458 10512
3778 4  10601 459 459 10604 10604 460 460 10601
3779 4  10556 458 458 10515 10515 459 459 10556
3780 4  10602 460 460 10607 10607 461 461 10602
3781 4  10604 416 416 10607 10607 460 460 10604
3782 4  10551 461 461 10508 10508 462 462 10551
3783 4  10607 432 432 10508 10508 461 461 10607
3784 4  10552 383 383 10551 462 10552 10551 462
3785 4  10552 462 462 10511 10511 463 463 10552
3786 4  405 10552 10577 405 10552 463 463 10577
3787 4  9137 465 465 9052 1890 9137 9052 1890
3788 4  10533 464 464 10549 10549 465 465 10533
3790 4  419 10584 10520 419 10584 467 467 10520
3792 4  10587 420 420 10558 467 10587 10558 467
3798 4  10569 395 395 10554 10554 470 470 10569
3799 4  10529 394 394 10566 470 10529 10566 470
3800 4  10529 470 470 10554 10554 471 471 10529
3801 4  10530 471 471 10557 10557 472 472 10530
3802 4  10596 472 472 10600 10600 473 473 10596
3803 4  414 10596 10597 414 10596 473 473 10597
3804 4  10597 473 473 10603 10603 474 474 10597
3805 4  10603 431 431 10550 474 10603 10550 474
3806 4  10524 474 474 10550 10550 475 475 10524
3807 4  10550 383 383 10553 475 10550 10553 475
3808 4  464 10576 10578 464 10576 476 476 10578
3809 4  10525 475 475 10553 10553 476 476 10525
3810 4  10576 404 404 10525 476 10576 10525 476
3811 4  10535 477 477 10532 10532 478 478 10535
3812 4  477 10574 10575 477 10574 489 489 10575
3813 4  10532 377 377 9053 9053 478 478 10532
3814 4  408 10495 10582 408 10495 479 479 10582
3816 4  10494 409 409 10585 479 10494 10585 479
3818 4  10585 419 419 10523 480 10585 10523 480
3821 4  10541 483 483 10528 10528 484 484 10541
3822 4  10567 394 394 10528 10528 483 483 10567
3824 4  10541 393 393 10564 483 10541 10564 483
3825 4  10542 484 484 10531 10531 485 485 10542
3826 4  10542 380 380 10541 484 10542 10541 484
3827 4  10531 425 425 10599 485 10531 10599 485
3828 4  10592 485 485 10599 10599 486 486 10592
3829 4  10593 486 486 10598 10598 487 487 10593
3830 4  429 10593 10536 429 10593 487 487 10536
3831 4  10536 487 487 10527 10527 488 488 10536
3832 4  379 10536 10537 379 10536 488 488 10537
3833 4  10527 375 375 10526 488 10527 10526 488
3834 4  10526 404 404 10575 10575 489 489 10526
3835 4  10537 488 488 10526 10526 489 489 10537
3836 4  10574 403 403 10537 489 10574 10537 489
3837 4  490 9161 10610 490 1402 10610 9161 1402
3838 4  10615 491 491 10614 513 10615 10614 513
3841 4  10616 492 492 10619 10619 497 497 10616
3842 4  10618 492 492 10617 10617 493 493 10618
3843 4  492 10616 10617 492 10616 1322 1322 10617
3844 4  10618 493 493 10621 508 10618 10621 508
3845 4  10621 493 493 10620 532 10621 10620 532
3846 4  10611 490 490 10610 10610 494 494 10611
3847 4  10611 494 494 10623 515 10611 10623 515
3848 4  10623 494 494 10622 10622 495 495 10623
3849 4  10623 495 495 10615 514 10623 10615 514
3852 4  10627 496 496 10626 511 10627 10626 511
3853 4  496 10624 10625 496 10624 1324 1324 10625
3854 4  10626 496 496 10625 10625 497 497 10626
3855 4  497 10625 10616 497 1323 10616 10625 1323
3857 4  10565 499 499 10629 530 10565 10629 530
3858 4  10628 499 499 10540 10540 500 500 10628
3859 4  10628 500 500 10630 10630 509 509 10628
3860 4  10630 500 500 10543 10543 501 501 10630
3861 4  10630 501 501 10631 10631 510 510 10630
3862 4  10631 501 501 10595 10595 502 502 10631
3863 4  10632 502 502 10594 10594 503 503 10632
3864 4  10632 503 503 10633 10633 512 512 10632
3865 4  10633 503 503 10539 10539 504 504 10633
3866 4  10633 504 504 10634 10634 513 513 10633
3867 4  10539 379 379 10538 504 10539 10538 504
3868 4  10634 504 504 10538 10538 505 505 10634
3869 4  10635 505 505 10573 10573 506 506 10635
3870 4  10635 506 506 10636 10636 515 515 10635
3871 4  10636 506 506 10534 10534 507 507 10636
3872 4  9180 507 507 9045 9045 1932 1932 9180
3873 4  10618 508 508 10628 10628 509 509 10618
3874 4  10629 499 499 10628 10628 508 508 10629
3875 4  10629 508 508 10621 531 10629 10621 531
3876 4  10619 492 492 10618 509 10619 10618 509
3877 4  10626 510 510 10631 10631 511 511 10626
3878 4  10619 509 509 10630 10630 510 510 10619
3879 4  10626 497 497 10619 510 10626 10619 510
3880 4  10627 511 511 10632 10632 512 512 10627
3881 4  10631 502 502 10632 10632 511 511 10631
3882 4  10614 498 498 10627 512 10614 10627 512
3883 4  10614 512 512 10633 10633 513 513 10614
3884 4  10623 514 514 10635 10635 515 515 10623
3885 4  10634 505 505 10635 10635 514 514 10634
3886 4  10615 513 513 10634 10634 514 514 10615
3887 4  9190 516 516 9180 1941 9190 9180 1941
3888 4  10636 507 507 9180 9180 516 516 10636
3889 4  10611 515 515 10636 10636 516 516 10611
3890 4  9190 490 490 10611 516 9190 10611 516
3908 4  10546 388 388 10565 526 10546 10565 526
3911 4  10648 527 527 10547 10547 528 528 10648
3917 4  10646 526 526 10565 10565 530 530 10646
3918 4  10646 530 530 10650 10650 1338 1338 10646
3919 4  10650 530 530 10629 10629 531 531 10650
3920 4  10651 531 531 10621 10621 532 532 10651
3921 4  10651 532 532 10652 10652 1340 1340 10651
3929 4  536 10663 10664 536 10663 574 574 10664
3951 4  10699 547 547 10697 10697 620 620 10699
3952 4  10702 548 548 10704 10704 630 630 10702
3953 4  10704 548 548 10703 661 10704 10703 661
3954 4  10703 548 548 10701 10701 625 625 10703
3968 4  10723 555 555 10712 647 10723 10712 647
3970 4  10725 556 556 10728 10728 665 665 10725
3971 4  10727 556 556 10726 10726 599 599 10727
3972 4  10730 557 557 10732 10732 663 663 10730
3973 4  10732 557 557 10731 10731 670 670 10732
3977 4  10743 560 560 10742 10742 608 608 10743
3979 4  10745 561 561 10748 10748 608 608 10745
3980 4  10748 561 561 10747 701 10748 10747 701
3981 4  10749 562 562 10752 10752 614 614 10749
3982 4  10752 562 562 10751 702 10752 10751 702
3983 4  10751 562 562 10750 10750 563 563 10751
3984 4  10738 559 559 10740 10740 563 563 10738
3986 4  10756 564 564 10755 684 10756 10755 684
3987 4  10760 565 565 10759 683 10760 10759 683
3988 4  10759 565 565 10758 669 10759 10758 669
4003 4  10660 573 573 10773 628 10660 10773 628
4004 4  573 10772 10773 573 10772 585 585 10773
4009 4  10776 575 575 10670 642 10776 10670 642
4011 4  10779 576 576 10778 588 10779 10778 588
4015 4  10761 577 577 10779 589 10761 10779 589
4017 4  10689 544 544 10678 577 10689 10678 577
4029 4  10791 585 585 10772 10772 622 622 10791
4032 4  10796 587 587 10795 599 10796 10795 599
4035 4  10797 588 588 10778 672 10797 10778 672
4036 4  10780 589 589 10798 601 10780 10798 601
4052 4  546 10695 10692 546 596 10692 10695 596
4054 4  10792 597 597 10698 626 10792 10698 626
4055 4  547 10698 10697 547 597 10697 10698 597
4056 4  586 10793 10794 586 10793 598 598 10794
4059 4  10727 599 599 10795 644 10727 10795 644
4063 4  555 10722 10710 555 10722 601 601 10710
4077 4  10743 608 608 10748 698 10743 10748 698
4078 4  608 10742 10745 608 10742 651 651 10745
4088 4  10747 561 561 10746 10746 614 614 10747
4100 4  10699 620 620 10696 658 10699 10696 658
4104 4  10790 596 596 10695 621 10790 10695 621
4105 4  10790 621 621 10791 10791 622 622 10790
4112 4  10792 626 626 10793 10793 627 627 10792
4114 4  10660 628 628 10663 10663 629 629 10660
4117 4  10731 557 557 10729 10729 630 630 10731
4124 4  10664 633 633 10801 10801 634 634 10664
4128 4  10804 635 635 10803 10803 676 676 10804
4129 4  10803 635 635 10756 682 10803 10756 682
4130 4  10753 564 564 10756 635 10753 10756 635
4132 4  10806 636 636 10805 10805 674 674 10806
4133 4  10805 636 636 10725 666 10805 10725 666
4146 4  10801 633 633 10800 10800 642 642 10801
4147 4  10795 643 643 10799 10799 644 644 10795
4148 4  10727 644 644 10729 10729 645 645 10727
4149 4  557 10730 10729 557 10730 645 645 10729
4150 4  10728 556 556 10727 645 10728 10727 645
4151 4  10755 646 646 10760 685 10755 10760 685
4152 4  10757 565 565 10760 10760 646 646 10757
4153 4  10755 564 564 10754 646 10755 10754 646
4156 4  562 10749 10750 562 10749 648 648 10750
4157 4  614 10746 10749 614 10746 649 649 10749
4159 4  561 10745 10746 561 10745 650 650 10746
4174 4  10696 657 657 10811 10811 658 658 10696
4175 4  10700 659 659 10813 10813 660 660 10700
4177 4  10703 660 660 10814 10814 661 661 10703
4179 4  10703 625 625 10700 660 10703 10700 660
4180 4  10704 661 661 10815 10815 662 662 10704
4181 4  10731 630 630 10704 662 10731 10704 662
4182 4  565 10757 10758 565 10757 663 663 10758
4183 4  10758 663 663 10732 668 10758 10732 668
4184 4  10757 646 646 10754 10754 664 664 10757
4185 4  663 10757 10730 663 10757 664 664 10730
4186 4  10728 645 645 10730 10730 664 664 10728
4187 4  664 10754 10728 664 10754 665 665 10728
4188 4  564 10753 10754 564 10753 665 665 10754
4189 4  10753 635 635 10804 10804 666 666 10753
4190 4  665 10753 10725 665 10753 666 666 10725
4191 4  559 10738 10737 559 10738 667 667 10737
4192 4  10818 668 668 10817 10817 1337 1337 10818
4193 4  10817 668 668 10732 670 10817 10732 670
4194 4  10758 668 668 10818 10818 669 669 10758
4195 4  10731 662 662 10816 10816 670 670 10731
4198 4  10797 672 672 10807 10807 673 673 10797
4201 4  10711 674 674 10805 10805 675 675 10711
4202 4  10709 673 673 10806 10806 674 674 10709
4204 4  10805 666 666 10804 10804 675 675 10805
4206 4  10737 675 675 10804 10804 676 676 10737
4211 4  10822 680 680 10803 10803 682 682 10822
4212 4  10739 676 676 10803 680 10739 10803 680
4213 4  10751 563 563 10740 681 10751 10740 681
4214 4  10822 682 682 10826 818 10822 10826 818
4215 4  10760 683 683 10828 10828 685 685 10760
4216 4  10828 683 683 10827 819 10828 10827 819
4217 4  10826 682 682 10756 10756 684 684 10826
4218 4  10829 684 684 10755 10755 685 685 10829
4219 4  10827 683 683 10759 10759 686 686 10827
4220 4  10827 686 686 10830 822 10827 10830 822
4221 4  10759 669 669 10819 686 10759 10819 686
4222 4  10824 681 681 10740 10740 687 687 10824
4223 4  10739 680 680 10823 10823 687 687 10739
4224 4  10740 559 559 10739 687 10740 10739 687
4245 4  10743 698 698 10844 10844 700 700 10743
4246 4  10747 699 699 10846 10846 701 701 10747
4247 4  10846 699 699 10845 711 10846 10845 711
4248 4  10747 614 614 10752 699 10747 10752 699
4251 4  10843 698 698 10748 10748 701 701 10843
4252 4  10843 701 701 10846 713 10843 10846 713
4253 4  10845 699 699 10752 10752 702 702 10845
4254 4  10845 702 702 10847 714 10845 10847 714
4255 4  10847 702 702 10751 10751 703 703 10847
4256 4  10751 681 681 10825 703 10751 10825 703
4266 4  10852 709 709 10854 721 10852 10854 721
4268 4  10844 710 710 10856 10856 712 712 10844
4269 4  10856 710 710 10855 722 10856 10855 722
4270 4  10844 698 698 10843 710 10844 10843 710
4271 4  10846 711 711 10858 10858 713 713 10846
4272 4  10858 711 711 10857 723 10858 10857 723
4273 4  10857 711 711 10845 10845 714 714 10857
4275 4  10854 712 712 10856 724 10854 10856 724
4277 4  10855 710 710 10843 10843 713 713 10855
4278 4  10855 713 713 10858 725 10855 10858 725
4279 4  10857 714 714 10859 726 10857 10859 726
4280 4  10859 714 714 10847 10847 715 715 10859
4281 4  10859 715 715 10860 727 10859 10860 727
4282 4  10860 715 715 10848 825 10860 10848 825
4283 4  10847 703 703 10848 715 10847 10848 715
4294 4  10853 708 708 10852 720 10853 10852 720
4493 4  10823 816 816 10254 10254 823 823 10823
4494 4  10254 816 816 10957 1313 10254 10957 1313
4495 4  10823 680 680 10822 816 10823 10822 816
4496 4  10253 131 131 10271 10271 817 817 10253
4497 4  10253 817 817 10824 10824 823 823 10253
4498 4  10825 681 681 10824 817 10825 10824 817
4499 4  10957 816 816 10822 10822 818 818 10957
4500 4  10957 818 818 10958 10958 1314 1314 10957
4501 4  10960 819 819 10959 1317 10960 10959 1317
4502 4  10958 818 818 10826 10826 820 820 10958
4503 4  10961 820 820 10829 10829 821 821 10961
4504 4  10826 684 684 10829 820 10826 10829 820
4505 4  10828 819 819 10960 10960 821 821 10828
4506 4  10829 685 685 10828 821 10829 10828 821
4507 4  10959 819 819 10827 10827 822 822 10959
4508 4  10824 687 687 10823 823 10824 10823 823
4509 4  10848 824 824 10266 10266 825 825 10848
4510 4  10825 817 817 10271 10271 824 824 10825
4511 4  10848 703 703 10825 824 10848 10825 824
4512 4  10266 121 121 10265 10265 825 825 10266
4514 4  10860 825 825 10265 10265 826 826 10860
5162 4  11285 1147 1147 11287 11287 1318 1318 11285
5169 4  11289 1149 1149 11206 11206 1151 1151 11289
5170 4  11289 1151 1151 11291 1316 11289 11291 1316
5176 4  11291 1153 1153 11293 11293 1315 1315 11291
5180 4  11293 1155 1155 11295 1314 11293 11295 1314
5181 4  11295 1155 1155 11284 1162 11295 11284 1162
5196 4  0 10100 10101 0 10100 1162 1162 10101
5492 4  10100 103 103 10254 10254 1313 1313 10100
5493 4  11295 1162 1162 10100 10100 1313 1313 11295
5494 4  11295 1313 1313 10957 10957 1314 1314 11295
5495 4  11293 1314 1314 10958 10958 1315 1315 11293
5496 4  11291 1315 1315 10961 10961 1316 1316 11291
5497 4  10958 820 820 10961 1315 10958 10961 1315
5498 4  11289 1316 1316 10960 10960 1317 1317 11289
5499 4  10961 821 821 10960 10960 1316 1316 10961
5500 4  11287 1149 1149 11289 11289 1317 1317 11287
5501 4  11287 1317 1317 10959 10959 1318 1318 11287
5502 4  10959 822 822 10962 1318 10959 10962 1318
5503 4  11288 1319 1319 10620 10620 1321 1321 11288
5504 4  10652 532 532 10620 10620 1319 1319 10652
5505 4  10652 1319 1319 11286 1320 10652 11286 1320
5507 4  10652 1320 1320 10962 10962 1340 1340 10652
5508 4  11285 1318 1318 10962 10962 1320 1320 11285
5511 4  11290 1321 1321 10617 10617 1322 1322 11290
5512 4  493 10617 10620 493 1321 10620 10617 1321
5530 4  10812 1331 1331 10637 10637 1332 1332 10812
5531 4  10811 1330 1330 10638 10638 1331 1331 10811
5542 4  10648 528 528 10647 1336 10648 10647 1336
5543 4  10817 1336 1336 10647 10647 1337 1337 10817
5544 4  10818 1337 1337 10646 10646 1338 1338 10818
5546 4  10819 669 669 10818 1338 10819 10818 1338
5547 4  10819 1338 1338 10650 10650 1339 1339 10819
5548 4  10830 686 686 10819 10819 1339 1339 10830
5549 4  10830 1339 1339 10651 10651 1340 1340 10830
5550 4  10650 531 531 10651 1339 10650 10651 1339
5551 4  10962 822 822 10830 1340 10962 10830 1340
5681 4  11509 1401 1401 10610 10610 1402 1402 11509
5682 4  494 10610 10622 494 1401 10622 10610 1401
5729 4  8617 1425 1425 8623 8623 2587 2587 8617
5730 4  8624 1425 1425 8625 8625 1557 1557 8624
5747 4  8637 1433 1433 8638 8638 1441 1441 8637
5748 4  1433 8635 8638 1433 8635 1434 1434 8638
5763 4  8638 1434 1434 8640 8640 1442 1442 8638
5940 4  1425 8617 8625 1425 8617 1528 1528 8625
5941 4  8625 1528 1528 8770 8770 1556 1556 8625
5942 4  8770 1528 1528 8616 8616 2248 2248 8770
5943 4  1528 8617 8616 1528 2738 8616 8617 2738
5978 4  8640 1546 1546 8781 8781 1547 1547 8640
5979 4  8781 1546 1546 8782 8782 2250 2250 8781
5980 4  8782 1546 1546 8639 8639 1551 1551 8782
5981 4  1434 8639 8640 1434 1546 8640 8639 1546
5990 4  8782 1551 1551 8787 8787 2249 2249 8782
5991 4  8788 1552 1552 8789 8789 1557 1557 8788
5992 4  8789 1552 1552 8635 1568 8789 8635 1568
5993 4  8639 1434 1434 8635 8635 1552 1552 8639
5994 4  1551 8639 8788 1551 1552 8788 8639 1552
5996 4  1553 8624 8789 1553 8624 1557 1557 8789
6002 4  8787 1551 1551 8788 8788 1556 1556 8787
6003 4  1556 8788 8625 1556 1557 8625 8788 1557
6483 4  9110 1795 1795 9111 9111 1860 1860 9110
6494 4  9146 1800 1800 9147 9147 1900 1900 9146
6495 4  9069 1801 1801 9142 9142 1819 1819 9069
6496 4  9142 1801 1801 9143 9143 1896 1896 9142
6497 4  9143 1801 1801 9055 1850 9143 9055 1850
6498 4  1801 9069 9055 1801 9069 1909 1909 9055
6499 4  9136 1802 1802 9137 9137 1890 1890 9136
6500 4  9073 1803 1803 9149 9149 1823 1823 9073
6501 4  1803 9073 9045 1803 9073 1932 1932 9045
6502 4  9159 1804 1804 9160 9160 1913 1913 9159
6503 4  9160 1804 1804 9046 9046 1828 1828 9160
6504 4  9046 1804 1804 9104 9104 1929 1929 9046
6505 4  1804 9159 9104 1804 9159 1854 1854 9104
6506 4  9068 1805 1805 9155 9155 1818 1818 9068
6507 4  9155 1805 1805 9156 9156 1909 1909 9155
6508 4  9156 1805 1805 9047 1849 9156 9047 1849
6509 4  1805 9068 9047 1805 9068 1925 1925 9047
6512 4  9048 1806 1806 9093 9093 1953 1953 9048
6513 4  9123 1807 1807 9124 9124 1877 1877 9123
6514 4  1807 9123 9075 1807 9123 1825 1825 9075
6515 4  9106 1808 1808 9133 9133 1856 1856 9106
6516 4  1808 9106 9049 1808 9106 1900 1900 9049
6517 4  1809 9070 9051 1809 9070 1896 1896 9051
6527 4  9127 1815 1815 9128 9128 1881 1881 9127
6530 4  9154 1813 1813 9063 9063 1818 1818 9154
6531 4  9154 1818 1818 9155 9155 1908 1908 9154
6533 4  1819 9064 9069 1819 9064 1908 1908 9069
6536 4  9070 1809 1809 9129 9129 1820 1820 9070
6541 4  9078 1823 1823 9148 9148 1828 1828 9078
6542 4  9148 1823 1823 9149 1902 9148 9149 1902
6543 4  1823 9078 9073 1823 9078 1931 1931 9073
6544 4  9135 1824 1824 9136 1889 9135 9136 1889
6545 4  9074 1802 1802 9136 9136 1824 1824 9074
6546 4  1825 9122 9080 1825 9122 1830 1830 9080
6547 4  1795 9110 9076 1795 9110 1826 1826 9076
6548 4  9076 1826 1826 9081 9081 1876 1876 9076
6549 4  1826 9109 9081 1826 9109 1831 1831 9081
6554 4  9160 1828 1828 9148 9148 1914 1914 9160
6555 4  1828 9046 9078 1828 9046 1930 1930 9078
6556 4  9147 1800 1800 9054 9054 1829 1829 9147
6557 4  9147 1829 1829 9135 9135 1901 1901 9147
6558 4  9079 1824 1824 9135 9135 1829 1829 9079
6559 4  1829 9054 9079 1829 9054 1914 1914 9079
6560 4  9134 1830 1830 9122 9122 1888 1888 9134
6561 4  9134 1808 1808 9049 1830 9134 9049 1830
6562 4  9081 1831 1831 9058 9058 1888 1888 9081
6563 4  9121 1796 1796 9058 1831 9121 9058 1831
6576 4  9088 1838 1838 9099 9099 1927 1927 9088
6577 4  1838 9157 9099 1838 9157 1849 1849 9099
6578 4  1839 9144 9100 1839 9144 1850 1850 9100
6583 4  9151 1843 1843 9152 9152 1905 1905 9151
6584 4  1806 9152 9093 1806 9152 1843 1843 9093
6588 4  9138 1834 1834 9084 1844 9138 9084 1844
6596 4  9100 1850 1850 9055 9055 1910 1910 9100
6597 4  9130 1809 1809 9051 9051 1851 1851 9130
6598 4  9101 1840 1840 9131 9131 1851 1851 9101
6599 4  1851 9051 9101 1851 9051 1897 1897 9101
6603 4  9158 1838 1838 9088 1854 9158 9088 1854
6604 4  1800 9146 9105 1800 9146 1855 1855 9105
6605 4  9145 1839 1839 9089 1855 9145 9089 1855
6606 4  9132 1840 1840 9090 9090 1856 1856 9132
6607 4  9132 1856 1856 9133 9133 1886 1886 9132
6613 4  9109 1826 1826 9110 9110 1859 1859 9109
6614 4  9111 435 435 9039 9039 1860 1860 9111
6615 4  9077 1859 1859 9110 1860 9077 9110 1860
6643 4  1874 9121 9040 1874 1875 9040 9121 1875
6645 4  1859 9082 9109 1859 9082 1875 1875 9109
6646 4  9121 1831 1831 9109 9109 1875 1875 9121
6647 4  9122 1825 1825 9123 9123 1876 1876 9122
6648 4  9057 1795 1795 9076 9076 1877 1877 9057
6649 4  9076 1876 1876 9123 1877 9076 9123 1877
6659 4  9129 1809 1809 9130 9130 1883 1883 9129
6662 4  9130 1851 1851 9131 9131 1884 1884 9130
6664 4  9131 1840 1840 9132 9132 1885 1885 9131
6665 4  1884 9131 9102 1884 9131 1885 1885 9102
6667 4  1885 9132 9091 1885 9132 1886 1886 9091
6668 4  9133 1808 1808 9134 9134 1887 1887 9133
6669 4  1886 9133 9107 1886 9133 1887 1887 9107
6670 4  1876 9081 9122 1876 9081 1888 1888 9122
6671 4  1887 9134 9058 1887 1888 9058 9134 1888
6672 4  9135 1889 1889 9080 1901 9135 9080 1901
6673 4  9075 1825 1825 9080 9080 1889 1889 9075
6674 4  9075 1889 1889 9136 9136 1890 1890 9075
6675 4  9052 1807 1807 9075 9075 1890 1890 9052
6680 4  9050 1893 1893 9140 9140 1894 1894 9050
6686 4  1895 9142 9070 1895 9142 1896 1896 9070
6687 4  1896 9143 9051 1896 1897 9051 9143 1897
6688 4  9143 1850 1850 9144 9144 1897 1897 9143
6689 4  1840 9101 9090 1840 9101 1898 1898 9090
6690 4  9144 1839 1839 9145 9145 1898 1898 9144
6691 4  9101 1897 1897 9144 1898 9101 9144 1898
6692 4  1856 9090 9106 1856 9090 1899 1899 9106
6693 4  9145 1855 1855 9146 9146 1899 1899 9145
6694 4  9090 1898 1898 9145 1899 9090 9145 1899
6695 4  9106 1899 1899 9146 1900 9106 9146 1900
6696 4  9049 1900 1900 9147 9147 1901 1901 9049
6697 4  9080 1830 1830 9049 9049 1901 1901 9080
6698 4  9148 1902 1902 9079 1914 9148 9079 1914
6699 4  1824 9079 9074 1824 9079 1902 1902 9074
6700 4  9149 1803 1803 9150 9150 1903 1903 9149
6701 4  9074 1902 1902 9149 9149 1903 1903 9074
6702 4  1802 9074 9053 1802 9074 1903 1903 9053
6703 4  9150 478 478 9053 1903 9150 9053 1903
6707 4  9084 1904 1904 9151 1905 9084 9151 1905
6710 4  1814 9056 9064 1814 9056 1907 1907 9064
6712 4  1908 9155 9069 1908 9155 1909 1909 9069
6713 4  1909 9156 9055 1909 1910 9055 9156 1910
6714 4  9156 1849 1849 9157 9157 1910 1910 9156
6715 4  9089 1839 1839 9100 9100 1911 1911 9089
6716 4  9089 1911 1911 9158 1912 9089 9158 1912
6717 4  9157 1838 1838 9158 9158 1911 1911 9157
6718 4  9100 1910 1910 9157 1911 9100 9157 1911
6719 4  9105 1855 1855 9089 9089 1912 1912 9105
6720 4  9158 1854 1854 9159 9159 1912 1912 9158
6721 4  9054 1800 1800 9105 9105 1913 1913 9054
6722 4  9054 1913 1913 9160 9160 1914 1914 9054
6723 4  9105 1912 1912 9159 1913 9105 9159 1913
6724 4  9161 1915 1915 9162 9162 2827 2827 9161
6725 4  9161 490 490 9190 1915 9161 9190 1915
6728 4  1916 9163 9187 1916 9163 1920 1920 9187
6730 4  9166 1917 1917 9182 1918 9166 9182 1918
6731 4  9182 1917 1917 9183 9183 1934 1934 9182
6732 4  1917 9165 9183 1917 9165 1922 1922 9183
6733 4  9168 1919 1919 9188 1920 9168 9188 1920
6734 4  9162 1915 1915 9189 1919 9162 9189 1919
6735 4  9168 1920 1920 9163 9163 2825 2825 9168
6736 4  9187 1920 1920 9188 9188 1939 1939 9187
6741 4  9185 1923 1923 9186 9186 1937 1937 9185
6742 4  1818 9063 9068 1818 9063 1924 1924 9068
6743 4  9068 1924 1924 9172 1925 9068 9172 1925
6744 4  9172 1924 1924 9171 9171 1933 1933 9172
6745 4  1924 9063 9171 1924 9063 1955 1955 9171
6746 4  9047 1925 1925 9173 1926 9047 9173 1926
6747 4  9173 1925 1925 9172 9172 1934 1934 9173
6748 4  9099 1849 1849 9047 9047 1926 1926 9099
6749 4  9174 1926 1926 9173 9173 1935 1935 9174
6750 4  9088 1927 1927 9175 1928 9088 9175 1928
6751 4  9099 1926 1926 9174 1927 9099 9174 1927
6752 4  9104 1854 1854 9088 9088 1928 1928 9104
6753 4  9046 1929 1929 9177 1930 9046 9177 1930
6754 4  9104 1928 1928 9176 1929 9104 9176 1929
6755 4  9078 1930 1930 9178 1931 9078 9178 1931
6756 4  9179 1931 1931 9178 9178 1940 1940 9179
6757 4  9180 1932 1932 9179 9179 1941 1941 9180
6758 4  9073 1931 1931 9179 1932 9073 9179 1932
6759 4  9181 1918 1918 9182 9182 1933 1933 9181
6760 4  1933 9182 9172 1933 9182 1934 1934 9172
6761 4  1934 9183 9173 1934 9183 1935 1935 9173
6762 4  9183 1922 1922 9184 9184 1935 1935 9183
6763 4  9184 1921 1921 9185 9185 1936 1936 9184
6764 4  1935 9184 9174 1935 9184 1936 1936 9174
6765 4  9175 1927 1927 9174 9174 1936 1936 9175
6766 4  1936 9185 9175 1936 9185 1937 1937 9175
6767 4  9176 1928 1928 9175 9175 1937 1937 9176
6768 4  1937 9186 9176 1937 9186 1938 1938 9176
6769 4  9186 1916 1916 9187 9187 1938 1938 9186
6770 4  9177 1929 1929 9176 9176 1938 1938 9177
6771 4  1938 9187 9177 1938 9187 1939 1939 9177
6772 4  9178 1930 1930 9177 9177 1939 1939 9178
6773 4  1939 9188 9178 1939 9188 1940 1940 9178
6774 4  9188 1919 1919 9189 9189 1940 1940 9188
6775 4  1940 9189 9179 1940 9189 1941 1941 9179
6776 4  9189 1915 1915 9190 9190 1941 1941 9189
6795 4  9201 1951 1951 9202 9202 2762 2762 9201
6797 4  1952 9083 9203 1952 9083 1954 1954 9203
6798 4  1951 9048 9202 1951 9048 1953 1953 9202
6799 4  9083 1833 1833 8931 8931 1954 1954 9083
6801 4  9171 1955 1955 9205 1956 9171 9205 1956
6802 4  9063 1951 1951 9201 1955 9063 9201 1955
6803 4  9181 1933 1933 9171 9171 1956 1956 9181
6804 4  9181 1956 1956 9206 1957 9181 9206 1957
6805 4  9167 1918 1918 9181 9181 1957 1957 9167
6806 4  9167 1957 1957 9207 9207 2744 2744 9167
6816 4  9327 1961 1961 9328 9328 2059 2059 9327
6817 4  9328 1961 1961 9216 9216 2164 2164 9328
6818 4  1961 9262 9216 1961 9262 2054 2054 9216
6820 4  9337 1963 1963 9334 9334 2000 2000 9337
6846 4  9371 1976 1976 9372 9372 2099 2099 9371
6847 4  9372 1976 1976 9343 9343 2092 2092 9372
6854 4  9230 1980 1980 9227 9227 2026 2026 9230
6855 4  1976 9227 9343 1976 9227 1980 1980 9343
6856 4  9343 1980 1980 9344 9344 2072 2072 9343
6857 4  9362 1981 1981 9331 9331 2061 2061 9362
6858 4  9331 1981 1981 9340 9340 2024 2024 9331
6859 4  1981 9362 9361 1981 9362 2090 2090 9361
6860 4  9212 1982 1982 9359 2055 9212 9359 2055
6863 4  9239 1984 1984 9373 9373 2092 2092 9239
6864 4  9373 1984 1984 9374 9374 2101 2101 9373
6865 4  9374 1984 1984 9248 9248 2112 2112 9374
6866 4  1984 9239 9248 1984 9239 1988 1988 9248
6867 4  9291 1985 1985 9240 9240 2077 2077 9291
6869 4  9298 1986 1986 9241 9241 2075 2075 9298
6872 4  1987 9305 9304 1987 9305 2039 2039 9304
6873 4  9242 1988 1988 9239 9239 2072 2072 9242
6874 4  9248 1988 1988 9251 9251 2106 2106 9248
6876 4  9341 1989 1989 9342 9342 2071 2071 9341
6877 4  9342 1989 1989 9329 9329 2109 2109 9342
6878 4  9243 1990 1990 9364 2088 9243 9364 2088
6879 4  9364 1990 1990 9365 9365 2094 2094 9364
6880 4  1990 9243 9252 1990 9243 2071 2071 9252
6900 4  9326 1999 1999 9327 9327 2058 2058 9326
6906 4  2001 9265 9277 2001 9265 2002 2002 9277
6920 4  9285 2010 2010 9319 9319 2022 2022 9285
6924 4  2013 9277 9289 2013 9277 2014 2014 9289
6925 4  9277 2002 2002 9266 9266 2014 2014 9277
6945 4  9286 2011 2011 9325 9325 2023 2023 9286
6947 4  9339 2012 2012 9332 9332 2024 2024 9339
6948 4  9339 2024 2024 9340 9340 2069 2069 9339
6950 4  9370 2025 2025 9371 9371 2098 2098 9370
6951 4  9227 1976 1976 9371 9371 2025 2025 9227
6952 4  2025 9289 9227 2025 9289 2026 2026 9227
6953 4  9289 2014 2014 9278 9278 2026 2026 9289
6967 4  9240 2033 2033 9298 9298 2076 2076 9240
6999 4  9211 1973 1973 9357 2050 9211 9357 2050
7000 4  9318 2022 2022 9319 9319 2051 2051 9318
7002 4  9319 2010 2010 9320 9320 2052 2052 9319
7003 4  2052 9320 9274 2052 9320 2053 2053 9274
7004 4  1999 9274 9262 1999 9274 2053 2053 9262
7007 4  1973 9324 9358 1973 9324 2055 2055 9358
7008 4  9358 2055 2055 9359 9359 2087 2087 9358
7013 4  2057 9326 9275 2057 9326 2058 2058 9275
7015 4  9263 2059 2059 9217 9217 2066 2066 9263
7016 4  1989 9330 9329 1989 9330 2060 2060 9329
7017 4  9247 2060 2060 9238 9238 2101 2101 9247
7018 4  2060 9330 9238 2060 9330 2091 2091 9238
7019 4  9363 2061 2061 9221 9221 2099 2099 9363
7020 4  2061 9331 9221 2061 9331 2062 2062 9221
7021 4  2062 9332 9288 2062 9332 2063 2063 9288
7022 4  2012 9333 9332 2012 9333 2063 2063 9332
7027 4  9263 2066 2066 9337 9337 2067 2067 9263
7028 4  9336 1963 1963 9337 9337 2066 2066 9336
7031 4  2067 9338 9275 2067 9338 2068 2068 9275
7032 4  9338 2012 2012 9339 9339 2068 2068 9338
7034 4  2069 9340 9212 2069 9340 2070 2070 9212
7035 4  9340 1981 1981 9361 9361 2070 2070 9340
7036 4  9360 1982 1982 9212 9212 2070 2070 9360
7037 4  9341 2071 2071 9243 2089 9341 9243 2089
7042 4  9241 2039 2039 9305 9305 2074 2074 9241
7061 4  9356 2050 2050 9357 9357 2085 2085 9356
7062 4  9357 1973 1973 9358 9358 2086 2086 9357
7067 4  9243 2088 2088 9360 9360 2089 2089 9243
7068 4  1982 9360 9366 1982 9360 2088 2088 9366
7069 4  2070 9361 9360 2070 9361 2089 2089 9360
7070 4  9341 2089 2089 9361 9361 2090 2090 9341
7071 4  9330 1989 1989 9341 2090 9330 9341 2090
7072 4  9362 2061 2061 9363 9363 2091 2091 9362
7073 4  9330 2090 2090 9362 9362 2091 2091 9330
7074 4  2091 9363 9238 2091 9363 2100 2100 9238
7075 4  9343 2072 2072 9239 2092 9343 9239 2092
7076 4  9366 2088 2088 9364 9364 2093 2093 9366
7077 4  9367 2093 2093 9244 9244 2762 2762 9367
7078 4  2093 9364 9244 2093 9364 2094 2094 9244
7079 4  9244 2094 2094 9253 9253 2763 2763 9244
7080 4  2094 9365 9253 2094 9365 2111 2111 9253
7082 4  9359 1982 1982 9366 9366 2095 2095 9359
7083 4  2095 9367 9235 2095 9367 2761 2761 9235
7084 4  9264 1965 1965 9368 9368 2096 2096 9264
7087 4  9276 2096 2096 9369 9369 2097 2097 9276
7088 4  9288 2063 2063 9276 9276 2097 2097 9288
7089 4  2097 9370 9288 2097 9370 2098 2098 9288
7093 4  9372 2092 2092 9373 9373 2100 2100 9372
7103 4  9377 2105 2105 9378 9378 2241 2241 9377
7104 4  2105 9374 9378 2105 9374 2112 2112 9378
7105 4  9329 2060 2060 9247 9247 2107 2107 9329
7106 4  9329 2107 2107 9381 2109 9329 9381 2109
7107 4  9381 2107 2107 9377 9377 2243 2243 9381
7108 4  9247 2105 2105 9377 2107 9247 9377 2107
7109 4  9365 1990 1990 9252 9252 2108 2108 9365
7110 4  9342 2109 2109 9384 2110 9342 9384 2110
7111 4  2071 9342 9252 2071 9342 2110 2110 9252
7112 4  2108 9252 9382 2108 9252 2110 2110 9382
7113 4  9382 2110 2110 9384 9384 2246 2246 9382
7114 4  9253 2111 2111 9385 9385 2764 2764 9253
7115 4  9385 2111 2111 9383 9383 2247 2247 9385
7116 4  9365 2108 2108 9383 2111 9365 9383 2111
7117 4  9378 2112 2112 9380 9380 2248 2248 9378
7118 4  9248 2106 2106 9380 2112 9248 9380 2112
7137 4  9297 2123 2123 9402 2126 9297 9402 2126
7138 4  2123 9249 9401 2123 9249 2125 2125 9401
7140 4  9304 2124 2124 9404 2127 9304 9404 2127
7141 4  9404 2124 2124 9403 9403 2136 2136 9404
7142 4  2124 9250 9403 2124 9250 2126 2126 9403
7146 4  9251 2127 2127 9405 2128 9251 9405 2128
7147 4  9405 2127 2127 9404 9404 2139 2139 9405
7148 4  2106 9251 9379 2106 9251 2128 2128 9379
7149 4  9379 2128 2128 9406 9406 2249 2249 9379
7159 4  9412 2133 2133 9411 9411 2145 2145 9412
7160 4  9400 2122 2122 9399 9399 2134 2134 9400
7161 4  9400 2134 2134 9413 2137 9400 9413 2137
7162 4  9413 2134 2134 9412 9412 2146 2146 9413
7163 4  9399 2133 2133 9412 2134 9399 9412 2134
7164 4  9402 2123 2123 9401 9401 2135 2135 9402
7165 4  9402 2135 2135 9415 2138 9402 9415 2138
7166 4  9415 2135 2135 9414 9414 2147 2147 9415
7167 4  9401 2125 2125 9400 9400 2137 2137 9401
7168 4  2135 9401 9414 2135 9401 2137 2137 9414
7169 4  9403 2126 2126 9402 9402 2138 2138 9403
7170 4  2136 9403 9416 2136 9403 2138 2138 9416
7171 4  9405 2139 2139 9418 2140 9405 9418 2140
7172 4  9418 2139 2139 9417 9417 2151 2151 9418
7173 4  9404 2136 2136 9417 2139 9404 9417 2139
7174 4  9406 2128 2128 9405 9405 2140 2140 9406
7175 4  9406 2140 2140 9419 9419 2250 2250 9406
7176 4  9419 2140 2140 9418 9418 2152 2152 9419
7190 4  9417 2136 2136 9416 9416 2148 2148 9417
7191 4  9414 2137 2137 9413 9413 2149 2149 9414
7194 4  9416 2138 2138 9415 9415 2150 2150 9416
7227 4  2066 9217 9336 2066 9217 2165 2165 9336
7385 4  9380 2106 2106 9379 9379 2242 2242 9380
7386 4  8787 1556 1556 8770 8770 2242 2242 8787
7387 4  2242 9379 8787 2242 9379 2249 2249 8787
7388 4  9381 2243 2243 9525 2245 9381 9525 2245
7389 4  9377 2241 2241 9524 2243 9377 9524 2243
7390 4  9383 2108 2108 9382 9382 2244 2244 9383
7391 4  9383 2244 2244 9527 2247 9383 9527 2247
7392 4  9527 2244 2244 9526 9526 2742 2742 9527
7393 4  2244 9382 9526 2244 9382 2246 2246 9526
7394 4  9384 2109 2109 9381 9381 2245 2245 9384
7395 4  9384 2245 2245 9528 2246 9384 9528 2246
7396 4  2241 9378 8616 2241 9378 2248 2248 8616
7397 4  9380 2242 2242 8770 2248 9380 8770 2248
7398 4  2249 9406 8782 2249 9406 2250 2250 8782
7399 4  2250 9419 8781 2250 9419 2251 2251 8781
8057 4  9861 2578 2578 9859 9859 2740 2740 9861
8061 4  9863 2580 2580 9861 9861 2739 2739 9863
8073 4  9795 2580 2580 9863 9863 2587 2587 9795
8369 4  9524 2241 2241 8616 8616 2738 2738 9524
8370 4  2587 9863 8617 2587 9863 2738 2738 8617
8371 4  9524 2738 2738 9863 9863 2739 2739 9524
8372 4  9525 2243 2243 9524 9524 2739 2739 9525
8373 4  9528 2245 2245 9525 9525 2740 2740 9528
8374 4  2739 9861 9525 2739 2740 9525 9861 2740
8376 4  9528 2740 2740 9859 9859 2741 2741 9528
8377 4  9526 2246 2246 9528 9528 2741 2741 9526
8378 4  2741 9857 9526 2741 2742 9526 9857 2742
8379 4  9529 2247 2247 9527 9527 2743 2743 9529
8382 4  9527 2742 2742 9855 2743 9527 9855 2743
8415 4  9204 1952 1952 9203 9203 2760 2760 9204
8416 4  2760 9235 9204 2760 2761 9204 9235 2761
8419 4  9201 2762 2762 9244 9244 2763 2763 9201
8420 4  9205 1955 1955 9201 9201 2763 2763 9205
8421 4  2763 9253 9205 2763 2764 9205 9253 2764
8422 4  9206 1956 1956 9205 9205 2764 2764 9206
8423 4  9385 2247 2247 9529 9529 2765 2765 9385
8424 4  9206 2764 2764 9385 9385 2765 2765 9206
8425 4  9207 1957 1957 9206 9206 2765 2765 9207
8426 4  2745 9207 9529 2745 2765 9529 9207 2765
8555 4  9163 2824 2824 10073 2825 9163 10073 2825
8557 4  9162 1919 1919 9168 9168 2826 2826 9162
8558 4  9168 2825 2825 10074 2826 9168 10074 2826
8559 4  10076 1402 1402 9161 9161 2827 2827 10076
8560 4  9162 2826 2826 10075 2827 9162 10075 2827
8616 4  5942 5943 8369 7396 7396 5942 5943 8369
8617 4  5940 5729 5943 5940 5729 8370 8370 5943
8624 4  5733 5730 5732 5733 5996 5732 5730 5996
8625 4  5730 5940 5940 5941 5941 6003 6003 5730
8635 4  5748 6025 5993 5748 5992 5993 6025 5992
8638 4  5747 5748 5748 5763 5764 5747 5763 5764
8639 4  5981 5993 5980 5981 5994 5980 5993 5994
8640 4  5763 5981 5765 5763 5981 5978 5978 5765
8770 4  5941 5942 7386 5941 7397 7386 5942 7397
8781 4  5978 5979 5982 5978 5979 7399 7399 5982
8782 4  5979 5980 5980 5990 5990 7398 7398 5979
8787 4  5990 6002 6002 7386 7386 7387 7387 5990
8788 4  6002 5994 5994 5991 6003 6002 5991 6003
8789 4  5991 5992 5995 5996 5996 5991 5992 5995
9039 4  3726 3582 6614 3726 3582 6475 6475 6614
9045 4  3610 3611 3872 3610 3611 6501 6501 3872
9046 4  6503 6504 6555 6503 6504 6753 6753 6555
9047 4  6508 6509 6748 6508 6509 6746 6746 6748
9048 4  6511 6512 6794 6511 6798 6794 6512 6798
9049 4  6561 6516 6697 6561 6516 6696 6696 6697
9051 4  6597 6517 6599 6597 6517 6687 6687 6599
9052 4  3618 3619 3787 3618 3619 6675 6675 3787
9053 4  3813 3607 6703 3813 3607 6702 6702 6703
9054 4  6556 6721 6559 6556 6721 6722 6722 6559
9055 4  6497 6498 6596 6497 6498 6713 6713 6596
9057 4  3591 3592 3763 3591 3592 6648 6648 3763
9058 4  6563 6486 6562 6563 6486 6671 6671 6562
9060 4  6491 6654 6656 6491 6654 6655 6655 6656
9063 5  6530 6794 6742 6530 6745 6742 6794 6802 6802 6745
9065 4  6534 6683 6685 6534 6683 6684 6684 6685
9068 4  6509 6506 6506 6742 6742 6743 6743 6509
9069 4  6498 6495 6495 6533 6533 6712 6712 6498
9070 4  6517 6536 6536 6685 6685 6686 6686 6517
9073 4  6501 6500 6500 6543 6543 6758 6758 6501
9074 4  6702 6545 6545 6699 6699 6701 6701 6702
9075 4  6675 6514 6514 6673 6673 6674 6674 6675
9076 4  6648 6547 6547 6548 6548 6649 6649 6648
9078 4  6543 6541 6541 6555 6555 6755 6755 6543
9079 4  6699 6558 6558 6559 6698 6699 6559 6698
9080 4  6673 6546 6546 6697 6672 6673 6697 6672
9081 4  6548 6549 6549 6562 6670 6548 6562 6670
9083 4  6586 6799 6585 6586 6797 6585 6799 6797
9088 4  6603 6576 6752 6603 6576 6750 6750 6752
9089 4  6605 6715 6719 6605 6715 6716 6716 6719
9090 4  6606 6689 6692 6606 6689 6694 6694 6692
9093 4  6512 6584 6584 6585 6585 6796 6796 6512
9099 4  6576 6577 6577 6748 6748 6751 6751 6576
9100 4  6715 6578 6578 6596 6596 6718 6718 6715
9101 4  6689 6598 6598 6599 6599 6691 6691 6689
9104 4  6504 6505 6505 6752 6752 6754 6754 6504
9105 4  6721 6604 6604 6719 6719 6723 6723 6721
9106 4  6516 6515 6515 6692 6692 6695 6695 6516
9109 4  6549 6613 6646 6549 6613 6645 6645 6646
9110 4  6547 6483 6613 6547 6615 6613 6483 6615
9111 4  3592 3593 3593 6614 6483 3592 6614 6483
9121 4  6485 6563 6563 6646 6643 6485 6646 6643
9122 4  6546 6647 6560 6546 6647 6670 6670 6560
9123 4  6514 6513 6647 6514 6649 6647 6513 6649
9124 4  3619 3762 3762 3763 6513 3619 3763 6513
9129 4  6536 6659 6535 6536 6658 6535 6659 6658
9130 4  6659 6597 6597 6662 6661 6659 6662 6661
9131 4  6598 6664 6662 6598 6665 6662 6664 6665
9132 4  6664 6606 6606 6607 6667 6664 6607 6667
9133 4  6515 6668 6607 6515 6669 6607 6668 6669
9134 4  6668 6561 6561 6560 6671 6668 6560 6671
9135 4  6558 6544 6557 6558 6544 6672 6672 6557
9136 4  6545 6499 6544 6545 6674 6544 6499 6674
9137 4  3607 3608 3608 3787 6499 3607 3787 6499
9142 4  6495 6496 6532 6495 6686 6532 6496 6686
9143 4  6496 6497 6497 6688 6687 6496 6688 6687
9144 4  6578 6690 6688 6578 6691 6688 6690 6691
9145 4  6690 6605 6605 6693 6694 6690 6693 6694
9146 4  6604 6494 6693 6604 6695 6693 6494 6695
9147 4  6494 6556 6556 6557 6696 6494 6557 6696
9148 4  6541 6542 6554 6541 6542 6698 6698 6554
9149 4  6500 6700 6542 6500 6701 6542 6700 6701
9150 4  3611 3612 3612 6703 6700 3611 6703 6700
9151 4  6566 6586 6586 6583 6707 6566 6583 6707
9152 4  6584 6510 6583 6584 6706 6583 6510 6706
9154 4  6523 6530 6530 6531 6711 6523 6531 6711
9155 4  6506 6507 6531 6506 6712 6531 6507 6712
9156 4  6507 6508 6508 6714 6713 6507 6714 6713
9157 4  6577 6717 6714 6577 6718 6714 6717 6718
9158 4  6717 6603 6603 6720 6716 6717 6720 6716
9159 4  6505 6502 6720 6505 6723 6720 6502 6723
9160 4  6502 6503 6503 6554 6722 6502 6554 6722
9161 4  3837 6725 8559 3837 6725 6724 6724 8559
9162 4  6724 6734 6734 8557 8557 8560 8560 6724
9163 4  6728 6726 6735 6728 6726 8555 8555 6735
9168 4  8557 6733 6733 6735 6735 8558 8558 8557
9171 4  6744 6745 6803 6744 6745 6801 6801 6803
9172 4  6743 6744 6747 6743 6744 6760 6760 6747
9173 4  6746 6747 6749 6746 6747 6761 6761 6749
9174 4  6751 6749 6765 6751 6749 6764 6764 6765
9175 4  6750 6765 6767 6750 6765 6766 6766 6767
9176 4  6754 6767 6770 6754 6767 6768 6768 6770
9177 4  6753 6770 6772 6753 6770 6771 6771 6772
9178 4  6755 6772 6756 6755 6772 6773 6773 6756
9179 4  6758 6756 6757 6758 6756 6775 6775 6757
9180 4  3888 3872 3887 3888 3872 6757 6757 3887
9181 4  6805 6759 6759 6803 6803 6804 6804 6805
9182 4  6730 6731 6759 6730 6760 6759 6731 6760
9183 4  6731 6732 6732 6762 6761 6731 6762 6761
9184 4  6738 6763 6762 6738 6764 6762 6763 6764
9185 4  6763 6740 6740 6741 6766 6763 6741 6766
9186 4  6727 6769 6741 6727 6768 6741 6769 6768
9187 4  6769 6728 6728 6736 6771 6769 6736 6771
9188 4  6733 6774 6736 6733 6773 6736 6774 6773
9189 4  6734 6776 6774 6734 6775 6774 6776 6775
9190 4  6725 3890 3890 3887 6776 6725 3887 6776
9201 4  6802 6795 8420 6802 6795 8419 8419 8420
9202 4  6795 6798 6798 8417 8417 8418 8418 6795
9204 4  6796 8415 8417 6796 8415 8416 8416 8417
9205 4  6801 8420 8422 6801 8420 8421 8421 8422
9206 4  6804 8422 8425 6804 8422 8424 8424 8425
9207 4  6806 8425 8383 6806 8426 8383 8425 8426
9212 5  7036 6860 6860 7006 7006 7009 7009 7034 7034 7036
9221 4  7019 7020 7020 7090 7090 7091 7091 7019
9227 4  6855 6951 6854 6855 6951 6952 6952 6854
9238 4  7017 7018 7018 7074 7074 7094 7094 7017
9239 4  6866 6863 6873 6866 7075 6873 6863 7075
9240 4  6867 6969 6969 6967 6967 7046 7046 6867
9241 4  6869 6981 6981 7042 7042 7044 7044 6869
9243 4  6880 6878 7037 6880 6878 7067 7067 7037
9244 4  7077 7078 7078 7079 8419 7077 7079 8419
9247 4  7105 7017 7017 7095 7095 7108 7108 7105
9248 4  6865 6866 6866 6874 6874 7118 7118 6865
9251 5  6875 7145 6874 6875 7148 6874 7145 7146 7146 7148
9252 4  7109 6880 6880 7111 7112 7109 7111 7112
9253 4  7079 7080 7080 7114 8421 7079 7114 8421
9263 4  7030 7014 7014 7015 7015 7027 7027 7030
9273 4  6994 6897 6897 6921 6921 6993 6993 6994
9277 4  6904 6906 6906 6925 6924 6904 6925 6924
9286 4  6922 6945 6945 6946 6946 7001 7001 6922
9287 4  7009 7011 7011 7012 7012 7033 7033 7009
9289 4  6923 6924 6924 6953 6952 6923 6953 6952
9298 4  6968 6869 6967 6968 6869 7045 7045 6967
9321 4  6811 6812 6898 6811 7005 6898 6812 7005
9325 4  6945 7010 6944 6945 7011 6944 7010 7011
9328 4  6816 6817 7247 6816 6817 7225 7225 7247
9329 4  6877 7016 7016 7105 7105 7106 7106 6877
9330 4  7016 7071 7018 7016 7071 7073 7073 7018
9333 4  6901 7024 7022 6901 7023 7022 7024 7023
9338 4  7029 6901 6901 7032 7031 7029 7032 7031
9340 4  6858 7035 6948 6858 7034 6948 7035 7034
9341 4  7071 6876 6876 7037 7037 7070 7070 7071
9342 4  6876 6877 7111 6876 6877 7110 7110 7111
9343 4  6847 6855 6855 6856 6856 7075 7075 6847
9357 4  6999 7062 7061 6999 7063 7061 7062 7063
9358 4  7062 7007 7007 7008 7065 7062 7008 7065
9359 4  6860 7082 7008 6860 7066 7008 7082 7066
9360 4  7068 7036 7036 7069 7067 7068 7069 7067
9361 4  7035 6859 7069 7035 7070 7069 6859 7070
9362 4  6859 6857 6857 7072 7073 6859 7072 7073
9363 4  7072 7019 7074 7072 7019 7092 7092 7074
9364 4  6878 6879 7076 6878 7078 7076 6879 7078
9365 4  6879 7109 7080 6879 7109 7116 7116 7080
9366 4  7082 7068 7068 7076 7076 7081 7081 7082
9371 4  6951 6846 6950 6951 7091 6950 6846 7091
9372 4  6846 6847 6847 7093 7092 6846 7093 7092
9373 4  6863 6864 7093 6863 7094 7093 6864 7094
9374 4  6864 6865 7095 6864 7104 7095 6865 7104
9377 4  7108 7103 7107 7108 7103 7389 7389 7107
9378 4  7103 7104 7104 7117 7396 7103 7117 7396
9379 4  7385 7148 7148 7149 7387 7385 7149 7387
9380 4  7118 7385 7117 7118 7385 7397 7397 7117
9381 4  7106 7107 7394 7106 7107 7388 7388 7394
9382 4  7390 7112 7112 7113 7393 7390 7113 7393
9383 4  7116 7390 7115 7116 7390 7391 7391 7115
9384 4  7110 7394 7113 7110 7394 7395 7395 7113
9385 4  7114 7115 7115 8423 8424 7114 8423 8424
9400 4  7144 7160 7167 7144 7160 7161 7161 7167
9401 4  7164 7138 7138 7167 7168 7164 7167 7168
9402 4  7137 7164 7169 7137 7164 7165 7165 7169
9403 4  7141 7142 7142 7169 7170 7141 7169 7170
9404 4  7140 7141 7147 7140 7141 7173 7173 7147
9405 4  7146 7147 7174 7146 7147 7171 7171 7174
9406 4  7149 7174 7174 7175 7398 7149 7175 7398
9412 4  7163 7159 7162 7163 7159 7187 7187 7162
9413 4  7161 7162 7191 7161 7162 7193 7193 7191
9414 4  7166 7168 7168 7191 7189 7166 7191 7189
9415 4  7165 7166 7194 7165 7166 7197 7197 7194
9416 4  7190 7170 7170 7194 7195 7190 7194 7195
9417 4  7173 7190 7172 7173 7190 7199 7199 7172
9418 4  7171 7172 7176 7171 7172 7202 7202 7176
9419 4  7175 7176 7176 7200 7399 7175 7200 7399
9524 4  7389 8369 8372 7389 8369 8371 8371 8372
9525 4  7388 8372 8373 7388 8372 8374 8374 8373
9526 4  7392 7393 7393 8377 8377 8378 8378 7392
9527 4  7391 7392 8379 7391 7392 8382 8382 8379
9528 4  7395 8373 8377 7395 8373 8376 8376 8377
9529 4  8423 8379 8379 8380 8380 8426 8426 8423
9859 4  8053 8375 8057 8053 8376 8057 8375 8376
9861 4  8062 8057 8061 8062 8374 8061 8057 8374
9863 4  8073 8061 8370 8073 8371 8370 8061 8371
10100 4  5196 2850 2850 5492 5493 5196 5492 5493
10103 4  2850 3112 3055 2850 3110 3055 3112 3110
10118 4  2867 2869 2869 2870 2870 3135 3135 2867
10121 4  2869 2866 2884 2869 2866 2883 2883 2884
10122 4  2870 2868 2868 3091 3091 3102 3102 2870
10123 4  2868 2884 2884 3093 3092 2868 3093 3092
10253 4  3054 3055 3055 4496 4496 4497 4497 3054
10254 4  5492 3054 4493 4494 3054 4493 4494 5492
10265 4  4512 3092 3092 4513 4514 4512 4513 4514
10266 4  3091 4512 3104 3091 4509 3104 4512 4509
10271 4  3103 3104 4496 3103 4510 4496 3104 4510
10272 4  3102 3103 3105 3102 3103 3110 3110 3105
10336 4  3685 3244 3244 3266 3722 3685 3266 3722
10338 4  3261 3685 3712 3261 3685 3711 3711 3712
10493 4  3577 3566 3576 3577 3669 3576 3566 3669
10494 4  3570 3571 3571 3576 3576 3816 3816 3570
10498 4  3581 3726 3724 3581 3725 3724 3726 3725
10499 4  3585 3586 3586 3667 3757 3585 3667 3757
10500 4  3584 3585 3755 3584 3754 3755 3585 3754
10501 4  3588 3709 3709 3710 3750 3588 3710 3750
10506 4  3593 3655 3655 3656 3656 3725 3725 3593
10507 4  3655 3591 3654 3655 3761 3654 3591 3761
10508 4  3720 3594 3783 3720 3782 3783 3594 3782
10509 4  3758 3720 3720 3721 3721 3754 3754 3758
10510 4  3663 3758 3666 3663 3758 3757 3757 3666
10511 4  3594 3663 3663 3664 3785 3594 3664 3785
10514 4  3708 3748 3751 3708 3748 3750 3750 3751
10515 4  3777 3708 3708 3706 3779 3777 3706 3779
10523 4  3598 3599 3818 3598 3819 3818 3599 3819
10524 4  3603 3716 3716 3717 3717 3806 3806 3603
10525 4  3602 3603 3810 3602 3603 3809 3809 3810
10526 4  3833 3602 3602 3834 3835 3833 3834 3835
10527 4  3716 3833 3715 3716 3831 3715 3833 3831
10528 4  3640 3604 3822 3640 3821 3822 3604 3821
10529 4  3606 3640 3640 3799 3799 3800 3800 3606
10530 4  3605 3606 3702 3605 3606 3801 3801 3702
10531 4  3604 3605 3605 3827 3825 3604 3827 3825
10532 4  3609 3813 3649 3609 3811 3649 3813 3811
10533 4  3608 3609 3609 3650 3650 3788 3788 3608
10534 4  3647 3610 3646 3647 3871 3646 3610 3871
10535 4  3612 3647 3647 3648 3648 3811 3811 3612
10536 4  3832 3613 3613 3830 3830 3831 3831 3832
10537 4  3659 3832 3836 3659 3832 3835 3835 3836
10538 4  3867 3659 3659 3657 3868 3867 3657 3868
10539 4  3613 3867 3714 3613 3865 3714 3867 3865
10540 4  3638 3614 3637 3638 3858 3637 3614 3858
10541 4  3826 3638 3638 3824 3824 3821 3821 3826
10542 4  3615 3826 3701 3615 3826 3825 3825 3701
10543 4  3614 3615 3615 3699 3860 3614 3699 3860
10544 4  3617 3616 3616 3817 3817 3819 3819 3617
10545 4  3630 3617 3629 3630 3617 3820 3820 3629
10546 4  3913 3630 3630 3908 3908 3912 3912 3913
10547 4  3616 3913 3687 3616 3911 3687 3913 3911
10548 4  3762 3653 3653 3760 3760 3761 3761 3762
10549 4  3653 3618 3652 3653 3788 3652 3618 3788
10550 4  3620 3807 3805 3620 3806 3805 3807 3806
10551 4  3784 3620 3620 3718 3718 3782 3782 3784
10552 4  3661 3784 3786 3661 3784 3785 3785 3786
10553 4  3807 3661 3661 3662 3809 3807 3662 3809
10554 4  3641 3621 3798 3641 3800 3798 3621 3800
10555 4  3623 3641 3641 3776 3776 3774 3774 3623
10556 4  3622 3623 3705 3622 3623 3779 3779 3705
10557 4  3621 3622 3622 3703 3801 3621 3703 3801
10565 5  3908 3639 3639 3637 3637 3857 3917 3908 3857 3917
10571 4  3772 3643 3643 3775 3771 3772 3775 3771
10573 4  3658 3646 3657 3658 3869 3657 3646 3869
10574 4  3648 3658 3658 3836 3812 3648 3836 3812
10575 4  3660 3649 3834 3660 3649 3812 3812 3834
10576 4  3650 3660 3660 3810 3808 3650 3810 3808
10577 4  3760 3651 3651 3786 3759 3760 3786 3759
10578 4  3651 3652 3662 3651 3652 3808 3808 3662
10579 4  3656 3665 3665 3666 3723 3656 3666 3723
10580 4  3665 3654 3664 3665 3654 3759 3759 3664
10581 4  3668 3724 3667 3668 3724 3723 3723 3667
10582 4  3686 3814 3817 3686 3814 3815 3815 3817
10584 4  3688 3669 3790 3688 3669 3789 3789 3790
10587 4  3670 3691 3691 3792 3789 3670 3792 3789
10592 4  3678 3700 3700 3701 3701 3828 3828 3678
10593 4  3713 3678 3830 3713 3678 3829 3829 3830
10594 4  3677 3713 3713 3714 3863 3677 3714 3863
10595 4  3700 3677 3699 3700 3862 3699 3677 3862
10596 4  3803 3679 3679 3702 3702 3802 3802 3803
10597 4  3681 3803 3717 3681 3803 3804 3804 3717
10598 4  3680 3681 3681 3715 3829 3680 3715 3829
10599 4  3679 3680 3827 3679 3828 3827 3680 3828
10600 4  3704 3682 3703 3704 3802 3703 3682 3802
10601 4  3683 3704 3704 3705 3705 3778 3778 3683
10602 4  3719 3683 3718 3719 3683 3780 3780 3718
10603 4  3682 3719 3719 3805 3804 3682 3805 3804
10604 4  3707 3781 3706 3707 3778 3706 3781 3778
10605 4  3753 3707 3707 3751 3751 3749 3749 3753
10606 4  3684 3753 3721 3684 3753 3756 3756 3721
10607 4  3781 3684 3684 3783 3780 3781 3783 3780
10608 4  3752 3722 3722 3755 3756 3752 3755 3756
10609 4  3711 3752 3710 3711 3749 3710 3752 3749
10610 4  3846 3837 5682 3846 5681 5682 3837 5681
10611 4  3890 3846 3846 3847 3847 3889 3889 3890
10614 4  3838 3839 3839 3882 3882 3883 3883 3838
10615 4  3850 3838 3849 3850 3838 3886 3886 3849
10616 4  3843 3841 3841 3855 5513 3843 3855 5513
10617 4  3842 3843 5512 3842 5511 5512 3843 5511
10618 4  3876 3842 3842 3844 3844 3873 3873 3876
10619 4  3841 3876 3879 3841 3876 3878 3878 3879
10620 4  3845 5512 5504 3845 5503 5504 5512 5503
10621 4  3844 3845 3875 3844 3920 3875 3845 3920
10623 4  3847 3848 3848 3849 3849 3884 3884 3847
10626 4  3852 3854 3854 3879 3879 3877 3877 3852
10627 4  3856 3852 3882 3856 3852 3880 3880 3882
10628 4  3874 3858 3858 3859 3873 3874 3859 3873
10629 4  3857 3874 3874 3875 3919 3857 3875 3919
10630 4  3859 3860 3860 3861 3878 3859 3861 3878
10631 4  3861 3862 3862 3881 3877 3861 3881 3877
10632 4  3881 3863 3863 3864 3880 3881 3864 3880
10633 4  3864 3865 3865 3866 3883 3864 3866 3883
10634 4  3866 3868 3868 3885 3886 3866 3885 3886
10635 4  3885 3869 3869 3870 3884 3885 3870 3884
10636 4  3870 3871 3871 3888 3889 3870 3888 3889
10638 4  3897 3891 5529 3897 5531 5529 3891 5531
10646 4  5545 3917 3917 3918 5544 5545 3918 5544
10647 4  3912 5545 5542 3912 5543 5542 5545 5543
10650 4  3918 3919 3919 5550 5547 3918 5550 5547
10651 4  5550 3920 3920 3921 5549 5550 3921 5549
10652 4  3921 5504 5504 5505 5505 5507 5507 3921
10663 4  3929 3927 4005 3929 4114 4005 3927 4114
10664 4  4127 3929 3929 4006 4006 4124 4124 4127
10700 4  3950 4176 4179 3950 4176 4175 4175 4179
10703 4  3953 3954 3954 4179 4179 4177 4177 3953
10704 4  3952 3953 4181 3952 3953 4180 4180 4181
10725 4  4134 3970 4133 4134 3970 4190 4190 4133
10727 4  4150 3971 3971 4059 4059 4148 4148 4150
10728 4  3970 4150 4150 4186 4186 4187 4187 3970
10729 5  4117 4149 4120 4117 4119 4120 4148 4119 4149 4148
10730 4  4149 3972 4186 4149 3972 4185 4185 4186
10731 4  3973 4117 4117 4181 4181 4195 4195 3973
10732 4  3972 3973 4183 3972 4193 4183 3973 4193
10739 4  4224 3975 3975 4212 4212 4223 4223 4224
10740 4  3984 4224 4213 3984 4222 4213 4224 4222
10742 4  3977 3978 4078 3977 4162 4078 3978 4162
10743 4  4250 3977 3977 4077 4077 4245 4245 4250
10745 4  4159 3979 3979 4078 4161 4159 4078 4161
10746 4  4088 4159 4157 4088 4160 4157 4159 4160
10747 4  3980 4088 4088 4248 4248 4246 4246 3980
10748 4  3979 3980 4077 3979 4251 4077 3980 4251
10749 4  4156 3981 3981 4157 4158 4156 4157 4158
10750 4  3983 4156 3985 3983 4154 3985 4156 4154
10751 5  3982 3983 3983 4213 4213 4256 4255 3982 4256 4255
10752 4  3981 3982 4248 3981 4253 4248 3982 4253
10753 4  4188 4130 4130 4189 4190 4188 4189 4190
10754 4  4153 4188 4184 4153 4187 4184 4188 4187
10755 4  3986 4153 4153 4151 4218 3986 4151 4218
10756 4  4130 3986 4129 4130 4217 4129 3986 4217
10757 4  4182 4152 4152 4184 4185 4182 4184 4185
10758 4  3988 4182 4182 4183 4183 4194 4194 3988
10759 4  3987 3988 3988 4221 4219 3987 4221 4219
10760 4  4152 3987 4151 4152 3987 4215 4215 4151
10793 4  4056 4031 4113 4056 4112 4113 4031 4112
10794 4  4123 4056 4056 4057 4057 4118 4118 4123
10795 4  4032 4033 4059 4032 4033 4147 4147 4059
10800 4  4121 4122 4146 4121 4145 4146 4122 4145
10802 4  4125 4126 4126 4336 4336 4357 4357 4125
10803 4  4128 4129 4212 4128 4211 4212 4129 4211
10804 4  4189 4128 4204 4189 4206 4204 4128 4206
10813 4  4175 5533 4178 4175 5533 5535 5535 4178
10818 4  4194 4192 5546 4194 4192 5544 5544 5546
10819 4  4221 5546 5548 4221 5546 5547 5547 5548
10822 4  4495 4211 4211 4214 4499 4495 4214 4499
10823 4  4223 4495 4508 4223 4495 4493 4493 4508
10824 4  4498 4222 4222 4508 4497 4498 4508 4497
10825 4  4256 4498 4511 4256 4498 4510 4510 4511
10826 4  4214 4217 4217 4504 4502 4214 4504 4502
10827 4  4216 4219 4219 4220 4507 4216 4220 4507
10828 4  4215 4216 4506 4215 4216 4505 4505 4506
10829 4  4504 4218 4218 4506 4503 4504 4506 4503
10830 4  4220 5548 5551 4220 5548 5549 5549 5551
10843 4  4270 4251 4251 4252 4277 4270 4252 4277
10844 4  4245 4270 4276 4245 4270 4268 4268 4276
10845 4  4247 4253 4253 4254 4273 4247 4254 4273
10846 4  4246 4247 4252 4246 4247 4271 4271 4252
10847 4  4254 4255 4255 4283 4280 4254 4283 4280
10848 4  4283 4511 4282 4283 4511 4509 4509 4282
10852 4  4294 4264 4264 4266 4293 4294 4266 4293
10854 4  4266 4274 4274 4275 4299 4266 4275 4299
10855 4  4269 4277 4277 4278 4296 4269 4278 4296
10856 4  4268 4269 4275 4268 4269 4300 4300 4275
10857 4  4272 4273 4273 4279 4302 4272 4279 4302
10858 4  4271 4272 4278 4271 4272 4297 4297 4278
10859 4  4279 4280 4280 4281 4304 4279 4281 4304
10860 4  4281 4282 4305 4281 4282 4514 4514 4305
10957 4  4494 4499 4499 4500 5494 4494 4500 5494
10958 4  4500 4502 4502 5497 5495 4500 5497 5495
10959 4  4501 4507 4507 5502 5501 4501 5502 5501
10960 4  4505 4501 5499 4505 5498 5499 4501 5498
10961 4  5497 4503 4503 5499 5496 5497 5499 5496
10962 4  5502 5551 5508 5502 5507 5508 5551 5507
11285 4  5509 5160 5160 5162 5162 5508 5508 5509
11287 4  5162 5163 5163 5500 5500 5501 5501 5162
11289 4  5500 5169 5169 5170 5170 5498 5498 5500
11291 4  5170 5171 5171 5176 5176 5496 5496 5170
11293 4  5176 5179 5179 5180 5180 5495 5495 5176
11295 4  5180 5181 5181 5493 5493 5494 5494 5180
