33
40 22 10121 2884 10123 3092 10265 4514 10860 4281 10859 4279 10857 4272 10858 4278 10855 4269 10856 4275 10854 4266 10852 4294
43 18 2869 9 2868 121 4512 825 4282 715 4280 714 4273 711 4271 713 4277 710 4268 712
42 17 10118 2870 10122 3091 10266 4509 10848 4283 10847 4254 10845 4247 10846 4252 10843 4270 10844
44 16 127 3102 126 3104 824 4511 703 4255 702 4253 699 4246 701 4251 698 4245
46 16 3105 10272 3103 10271 4510 10825 4256 10751 3982 10752 4248 10747 3980 10748 4077 10743
49 17 132 3110 131 4496 817 4498 681 4213 3983 562 3981 614 4088 561 3979 608 3977
47 18 3112 10103 3055 10253 4497 10824 4222 10740 563 10750 4156 10749 4157 10746 4159 10745 4078 10742
48 22 0 2850 103 3054 823 4508 687 4224 3984 647 3968 555 4063 601 4036 589 4015 577 4017 544 4416 744
0 11 5196 10100 5492 10254 4493 10823 4223 10739 559 4191 667
1 20 1162 5493 1313 4494 816 4495 680 4212 676 4206 675 4201 674 4202 673 4198 4035 588 4011 576 
2 12 5181 11295 5494 10957 4499 10822 4211 10803 4128 10804 4204 4132
0 13 1155 5180 1314 4500 818 4214 682 4129 635 4189 666 4133 636
1 11 11293 5495 10958 4502 10826 4217 10756 4130 10753 4190 10725
1 18 5176 1315 5497 820 4504 684 3986 564 4188 665 3970 556 3971 599 4032 4009 641 10802 
2 15 11291 5496 10961 4503 10829 4218 10755 4153 10754 4187 10728 4150 10727 4059 10795 
3 28 5170 1316 5499 821 4506 685 4151 646 4184 664 4186 645 4148 644 4147 10800 4146 4124 10664 3929 10663 4114 4003 4004 4029 4105 4104 4052
4 20 11289 10828 4215 10760 4152 10757 4185 10730 4149 10729 631 10794 4056 10793 4112 4054 4055 3951 4100 4174 
5 18 5500 819 4216 683 3987 565 4182 663 3972 557 4117 630 3952 548 3954 10700 659 5531 
6 20 11287 5501 10959 4507 10827 4219 10759 3988 10758 4183 10732 3973 10731 4181 10704 3953 10703 4179 4175 1331
7 20 1318 5162 5502 822 4220 686 4221 669 4194 668 4193 670 4195 662 4180 661 4177 10813 5530 10638
8 17 5508 11285 10962 5551 10830 5548 10819 5546 10818 4192 5543 5542 3911 3687 3686 3814 10494
9 16 1320 5507 1340 5549 1339 5547 1338 5544 1337 10647 528 10547 418 10582 3816 10493
10 15 5505 10652 3921 10651 5550 10650 3918 10646 526 10546 381 10544 3818 10584 3670
11 14 1319 5504 532 3920 531 3919 530 3917 3908 3630 3617 10523 3790 10587
12 13 5503 10620 3845 10621 3875 10629 3857 10565 388 10545 481 3598 3792
0 19 1321 5512 493 3844 508 3874 499 3637 393 3824 483 3822 394 3799 470 3798 395 10571 443
1 19 5511 10617 3842 10618 3873 10628 3858 10540 3638 10541 3821 10528 3640 10529 3800 10554 3641 10555 3746
2 27 3843 492 3876 509 3859 500 3614 380 3826 484 3604 376 3606 471 3621 384 3623 458 3777 372 3748 445 3588 367 3195 174 3196 



13 30 1321 5512 493 3844 508 3874 499 3637 393 3824 483 3822 394 3799 3642 456 3596 442 10505 422 10330 195 3239 196 3333 3241 10386 3341 244 260 
14 31 5511 10617 3842 10618 3873 10628 3858 10540 3638 10541 3821 10528 3640 10529 3800 10554 3775 3744 3213 183 170 10381 3250 3338 243 3332 241 3334 3276 3352 3370 
15 44 3843 492 3876 509 3859 500 3614 380 3826 484 3604 376 3606 471 3621 384 3623 458 3777 372 3748 445 3588 367 3195 174 3196 169 3185 10286 3264 10341 10369 245 3337 242 3335 246 3271 10364 163 3307 231 251 
16 40 10616 3841 10619 3878 10630 3860 10543 3615 10542 3825 10531 3605 10530 3801 10557 3622 10556 3779 10515 3708 10514 3750 10501 3709 10307 3260 10299 208 3263 199 10340 3342 10390 3336 3268 10391 3344 3308 227 3296 
17 25 3855 497 3879 510 3861 501 3699 424 3701 485 3827 425 3702 472 3703 426 3705 459 3706 10609 417 10336 3265 3270 3183 
18 22 3854 10626 3877 10631 3862 10595 3700 10592 3828 10599 3679 10596 3802 10600 3704 3781 10606 448 10500 366 3193 10297 
19 19 496 3852 511 3881 502 3677 413 3678 486 3680 414 3803 10603 431 10551 462 10511 406 3665 
20 12 10627 3880 10632 503 3714 3613 10536 3833 3602 3810 3808 464 


3 11 1155 5180 1314 4500 818 4214 682 4129 635 4189 666 
4 10 11293 5495 10958 4502 10826 4217 10756 4130 10753 4190 
5 10 5176 1315 5497 820 4504 684 3986 564 4188 4187 

4 53 5181 1313 10254 4493 10823 4224 10738 4155 10712 3969 10710 4064 10798 4034 10779 4016 10678 3937 10926 4359 4434 10892 10909 4395 4358 10894 4396 10883 4409 10901 4356 784 10881 4406 4332 10882 4404 4392 783 4354 10913 4330 3926 4001 4028 595 3949 545 3948 656 5525 5521 5522 
5 45 1155 10957 4495 680 4212 676 4205 10711 4203 10709 4200 600 4061 588 4011 576 10677 3938 10676 4140 4143 4362 10928 740 774 4357 4407 750 4333 773 749 4430 10661 535 10659 4051 4050 10692 3947 10694 4171 10810 1329 10640 519 
6 43 11293 818 4214 682 4129 635 4189 666 4133 636 4131 637 4135 638 4137 4141 538 10669 4436 4336 4408 10802 10918 4125 4431 739 4331 10916 4355 4116 4002 622 10790 596 4052 546 4172 657 5528 5526 5527 3895 3896 
7 32 5176 1315 5497 820 4504 684 3986 564 4188 665 3970 556 4033 4126 10665 4405 10666 629 10660 573 4105 4104 10695 4101 10696 4174 10811 1330 10639 518 10431 294 
8 34 11291 5496 10961 4503 10829 4218 10755 4153 10754 4187 10728 4148 10799 4121 4006 574 4005 628 10773 585 10791 621 4103 620 4100 658 5532 5531 5529 3892 3893 3413 3439 3441 
9 36 5170 1316 5499 821 4506 685 4151 646 4184 664 4186 645 644 4122 633 10664 3929 10663 4114 4003 4004 4029 4102 10697 3951 10699 4173 10812 1331 10638 520 10430 283 10418 295 10436 
10 30 11289 10828 4215 10760 4152 10757 4185 10730 4149 10729 631 10794 4056 10793 4112 4054 4055 547 4176 659 5533 5530 3891 3897 3898 3414 3412 3400 3444 3443 
11 29 5500 819 4216 683 3987 565 4182 663 3972 557 4117 630 3952 548 3954 10700 4175 10813 1332 10637 517 10432 284 10417 275 10419 296 10437 306 
12 32 11287 5501 10959 4507 10827 4219 10759 3988 10758 4183 10732 3973 10731 4181 10704 3953 10703 4179 660 4178 5535 3904 3903 3417 3415 3403 3402 3399 3445 3442 3446 3468 
13 31 1318 5162 5502 822 4220 686 4221 669 4194 668 4193 670 4195 662 4180 661 4177 10814 1333 10644 524 10433 285 10420 276 10416 287 10408 297 10438 307 
14 28 5508 11285 10962 5551 10830 5548 10819 5546 10818 4192 5543 5542 3911 3687 3686 3814 10494 10400 3433 291 3431 298 3469 3471 308 10476 309 10442 
15 23 1320 5507 1340 5549 1339 5547 1338 5544 1337 10647 528 10547 418 10582 3816 10493 10481 10425 3472 345 3542 3535 330 