85
0 17 5747 8638 5763 8640 5978 8781 7399 9419 7176 9418 7172 9417 7190 9416 7194 9415 7166
1 17 1433 5748 1434 5981 1546 5979 2250 7175 2140 7171 2139 7173 2136 7170 2138 7165 2135
2 15 8635 5993 8639 5980 8782 7398 9406 7174 9405 7147 9404 7141 9403 7169 9402
3 15 5992 1552 5994 1551 5990 2249 7149 2128 7146 2127 7140 2124 7142 2126 7137
4 15 8789 5991 8788 6002 8787 7387 9379 7148 9251 1987 6872 7042 9241 6869 9298
5 17 5996 1557 6003 1556 7386 2242 7385 2106 6874 1988 6873 2072 6856 1980 6854 2026 6953
6 17 8624 5730 8625 5941 8770 7397 9380 7118 9248 6866 9239 7075 9343 6855 9227 6952 9289
7 17 1425 5940 1528 5942 2248 7117 2112 6865 1984 6863 2092 6847 1976 6951 6950 7089 2097
8 17 5729 8617 5943 8616 7396 9378 7104 9374 6864 9373 7093 9372 6846 9371 2098 7088 2064
9 17 2587 8370 2738 8369 2241 7103 2105 9247 7017 9238 7074 9363 7019 9221 7021 9333 6820
10 17 8073 9863 8371 9524 7389 9377 7108 7105 2060 7018 2091 7072 2061 7020 2062 7022 2000
11 17 2580 8061 2739 8372 2243 7107 2107 9329 7016 9330 7073 9362 6857 6947 9338 7027 7015
12 14 9861 8374 9525 7388 9381 7106 6877 1989 7071 2090 6859 1981 6858 7032
13 6 8057 2740 8373 2245 7394 2109
14 17 9859 8376 9528 7395 9384 7110 9342 6876 9341 7070 9361 7035 9340 6948 7031 9263 6816
15 17 2741 8377 2246 7113 2110 7111 2071 7037 2089 7069 2070 7034 9287 7013 6900 1999 7004
16 17 8378 9526 7393 9382 7112 9252 6880 9243 7067 9360 7036 9212 2056 9325 6945 9286 7000
17 17 2742 7392 2244 7390 2108 7109 1990 6878 2088 7068 1982 6860 2055 7007 1973 6999 2050
18 17 9527 8382 7391 9383 7116 9365 6879 9364 7076 9366 7082 9359 7008 9358 7062 9357 7061
19 13 2247 8379 7115 2111 7080 2094 7078 2093 7083 8416 8415 6797 6799
20 13 9385 8423 9529 7114 9253 7079 9244 7077 2761 9204 1952 9083 1833
21 13 8424 2765 2764 8426 8421 2763 8419 2762 9202 1953 9093 1843 9151
22 13 8425 9206 9207 8422 9205 8420 9201 6795 6798 6512 6584 6583 6707
23 13 1957 6804 6806 1956 6801 1955 6802 1951 9048 1806 9152 1905 6588
24 11 6805 9181 6803 9171 6745 9063 6530 9154 6710 6680 1810
25 13 1918 6759 1933 6744 1924 6742 1818 6531 1908 6533 9065 6527 9060
26 16 9183 6732 6761 9173 6746 9047 6508 9156 6713 9055 6497 9143 6687 9051 6597 9130
27 16 6731 1917 1934 6747 1925 6509 1805 6507 1909 6498 1801 6496 1896 6517 1809 6659
28 16 9182 6730 6760 9172 6743 9068 6506 9155 6712 9069 6495 9142 6686 9070 6536 9129
29 16 6762 1935 6749 1926 6748 1849 6714 1910 6596 1850 6688 1897 6599 1851 6662 1884
30 16 9184 6764 9174 6751 9099 6577 9157 6718 9100 6578 9144 6691 9101 6598 9131 6665
31 16 6763 1921 1936 6765 1927 6576 1838 6717 1911 6715 1839 6690 1898 6689 1840 6664
32 16 9185 6766 9175 6750 9088 6603 9158 6716 9089 6605 9145 6694 9090 6606 9132 6667
33 16 1923 6741 1937 6767 1928 6752 1854 6720 1912 6719 1855 6693 1899 6692 1856 6607
34 16 9186 6768 9176 6754 9104 6505 9159 6723 9105 6604 9146 6695 9106 6515 9133 6669
35 17 10121 2884 10123 3092 10265 4514 10860 4281 10859 4279 10857 4272 10858 4278 10855 4269 10856
36 17 2869 9 2868 121 4512 825 4282 715 4280 714 4273 711 4271 713 4277 710 4268
37 17 10118 2870 10122 3091 10266 4509 10848 4283 10847 4254 10845 4247 10846 4252 10843 4270 10844
38 16 127 3102 126 3104 824 4511 703 4255 702 4253 699 4246 701 4251 698 4245
39 16 3105 10272 3103 10271 4510 10825 4256 10751 3982 10752 4248 10747 3980 10748 4077 10743
40 17 132 3110 131 4496 817 4498 681 4213 3983 562 3981 614 4088 561 3979 608 3977
41 17 3112 10103 3055 10253 4497 10824 4222 10740 563 10750 4156 10749 4157 10746 4159 10745 4078
42 17 0 2850 103 3054 823 4508 687 4224 3984 647 3968 555 4063 601 4036 589 4015
43 11 5196 10100 5492 10254 4493 10823 4223 10739 559 4191 667
44 17 1162 5493 1313 4494 816 4495 680 4212 676 4206 675 4201 674 4202 673 4198 4035
45 12 5181 11295 5494 10957 4499 10822 4211 10803 4128 10804 4204 4132
46 13 1155 5180 1314 4500 818 4214 682 4129 635 4189 666 4133 636
47 11 11293 5495 10958 4502 10826 4217 10756 4130 10753 4190 10725
48 17 5176 1315 5497 820 4504 684 3986 564 4188 665 3970 556 3971 599 4032 4009 641
49 15 11291 5496 10961 4503 10829 4218 10755 4153 10754 4187 10728 4150 10727 4059 10795
50 17 1151 5170 1316 5499 821 4506 685 4151 646 4184 664 4186 645 4148 644 4147 10800
51 17 5169 11289 5498 10960 4505 10828 4215 10760 4152 10757 4185 10730 4149 10729 631 10794 4056
52 17 5500 1317 4501 819 4216 683 3987 565 4182 663 3972 557 4117 630 3952 548 3954
53 17 11287 5501 10959 4507 10827 4219 10759 3988 10758 4183 10732 3973 10731 4181 10704 3953 10703
54 17 1318 5162 5502 822 4220 686 4221 669 4194 668 4193 670 4195 662 4180 661 4177
55 17 5508 11285 10962 5551 10830 5548 10819 5546 10818 4192 5543 5542 3911 3687 3686 3814 10494
56 16 1320 5507 1340 5549 1339 5547 1338 5544 1337 10647 528 10547 418 10582 3816 10493
57 15 5505 10652 3921 10651 5550 10650 3918 10646 526 10546 381 10544 3818 10584 3670
58 14 1319 5504 532 3920 531 3919 530 3917 3908 3630 3617 10523 3790 10587
59 13 5503 10620 3845 10621 3875 10629 3857 10565 388 10545 481 3598 3792
60 17 1321 5512 493 3844 508 3874 499 3637 393 3824 483 3822 394 3799 470 3798 395
61 17 5511 10617 3842 10618 3873 10628 3858 10540 3638 10541 3821 10528 3640 10529 3800 10554 3641
62 17 3843 492 3876 509 3859 500 3614 380 3826 484 3604 376 3606 471 3621 384 3623
63 17 10616 3841 10619 3878 10630 3860 10543 3615 10542 3825 10531 3605 10530 3801 10557 3622 10556
64 17 3855 497 3879 510 3861 501 3699 424 3701 485 3827 425 3702 472 3703 426 3705
65 17 3854 10626 3877 10631 3862 10595 3700 10592 3828 10599 3679 10596 3802 10600 3704 10601 3778
66 17 496 3853 3852 511 3881 502 3677 413 3678 486 3680 414 3803 473 3682 415 3683
67 17 10627 3880 10632 3863 10594 3713 10593 3829 10598 3681 10597 3804 10603 3719 10602 3780 10607
68 17 3882 512 3864 503 3714 429 3830 487 3715 430 3717 474 3805 431 3718 461 3783
69 17 10614 3883 10633 3865 10539 3613 10536 3831 10527 3716 10524 3806 10550 3620 10551 3782 10508
70 6 379 3832 488 3833 375 3603
71 6 3659 10537 3835 10526 3602 10525
72 6 403 3836 489 3834 404 3810
73 6 3658 10574 3812 10575 3660 10576
74 6 398 3648 477 3649 399 3650
75 6 3647 10535 3811 10532 3609 10533
76 6 378 3612 478 3813 377 3608
77 6 3611 9150 6703 9053 3607 9137
78 6 1803 6700 1903 6702 1802 6499
79 6 6500 9149 6701 9074 6545 9136
80 6 1823 6542 1902 6699 1824 6544
81 6 6541 9148 6698 9079 6558 9135
82 6 1828 6554 1914 6559 1829 6557
83 6 6503 9160 6722 9054 6556 9147
84 6 1804 6502 1913 6721 1800 6494
