85
0 23 5747 8638 5763 8640 5978 8781 7399 9419 7176 9418 7172 9417 7190 9416 7194 9415 7166 9414 7191 9413 7162 9412 7159
1 22 1433 5748 1434 5981 1546 5979 2250 7175 2140 7171 2139 7173 2136 7170 2138 7165 2135 7168 2137 7161 2134 7163
2 20 8635 5993 8639 5980 8782 7398 9406 7174 9405 7147 9404 7141 9403 7169 9402 7164 9401 7167 9400 7160
0 18 5992 1552 5994 1551 5990 2249 7149 2128 7146 2127 7140 2124 7142 2126 7137 2123 7138 2125
1 18 8789 5991 8788 6002 8787 7387 9379 7148 9251 1987 6872 7042 9241 6869 9298 6967 9240 6867
2 19 5996 1557 6003 1556 7386 2242 7385 2106 6874 1988 6873 2072 6856 1980 6854 2026 6953 2014 6925
3 20 8624 5730 8625 5941 8770 7397 9380 7118 9248 6866 9239 7075 9343 6855 9227 6952 9289 6924 9277 6906
4 20 1425 5940 1528 5942 2248 7117 2112 6865 1984 6863 2092 6847 1976 6951 6950 7089 2097 7087 2096 7084
5 17 5729 8617 5943 8616 7396 9378 7104 9374 6864 9373 7093 9372 6846 9371 2098 7088 2064
1 17 2587 8370 2738 8369 2241 7103 2105 9247 7017 9238 7074 9363 7019 9221 7021 9333 6820 
2 19 8073 9863 8371 9524 7389 9377 7108 7105 2060 7018 2091 7072 2061 7020 2062 7022 2000 7028 7227
3 19 2580 8061 2739 8372 2243 7107 2107 9329 7016 9330 7073 9362 6857 6947 9338 7027 7015 9328 6817
0 14 9861 8374 9525 7388 9381 7106 6877 1989 7071 2090 6859 1981 6858 7032 
1 6 8057 2740 8373 2245 7394 2109
2 22 9859 8376 9528 7395 9384 7110 9342 6876 9341 7070 9361 7035 9340 6948 7031 9263 6816 1961 6818 9321 1998 9273
3 20 2741 8377 2246 7113 2110 7111 2071 7037 2089 7069 2070 7034 9287 7013 6900 1999 7004 7003 7002 6920
4 17 8378 9526 7393 9382 7112 9252 6880 9243 7067 9360 7036 9212 2056 9325 6945 9286 7000
5 17 2742 7392 2244 7390 2108 7109 1990 6878 2088 7068 1982 6860 2055 7007 1973 6999 2050
6 17 9527 8382 7391 9383 7116 9365 6879 9364 7076 9366 7082 9359 7008 9358 7062 9357 7061
1 13 2247 8379 7115 2111 7080 2094 7078 2093 7083 8416 8415 6797 6799 
2 13 9385 8423 9529 7114 9253 7079 9244 7077 2761 9204 1952 9083 1833
3 13 8424 2765 2764 8426 8421 2763 8419 2762 9202 1953 9093 1843 9151
4 13 8425 9206 9207 8422 9205 8420 9201 6795 6798 6512 6584 6583 6707
5 13 1957 6804 6806 1956 6801 1955 6802 1951 9048 1806 9152 1905 6588
6 11 6805 9181 6803 9171 6745 9063 6530 9154 6710 6680 1810
7 13 1918 6759 1933 6744 1924 6742 1818 6531 1908 6533 9065 6527 9060
40 22 10121 2884 10123 3092 10265 4514 10860 4281 10859 4279 10857 4272 10858 4278 10855 4269 10856 4275 10854 4266 10852 4294
43 18 2869 9 2868 121 4512 825 4282 715 4280 714 4273 711 4271 713 4277 710 4268 712
42 17 10118 2870 10122 3091 10266 4509 10848 4283 10847 4254 10845 4247 10846 4252 10843 4270 10844
44 16 127 3102 126 3104 824 4511 703 4255 702 4253 699 4246 701 4251 698 4245
46 16 3105 10272 3103 10271 4510 10825 4256 10751 3982 10752 4248 10747 3980 10748 4077 10743
49 17 132 3110 131 4496 817 4498 681 4213 3983 562 3981 614 4088 561 3979 608 3977
47 18 3112 10103 3055 10253 4497 10824 4222 10740 563 10750 4156 10749 4157 10746 4159 10745 4078 10742
48 22 0 2850 103 3054 823 4508 687 4224 3984 647 3968 555 4063 601 4036 589 4015 577 4017 544 4416 744
0 11 5196 10100 5492 10254 4493 10823 4223 10739 559 4191 667
1 20 1162 5493 1313 4494 816 4495 680 4212 676 4206 675 4201 674 4202 673 4198 4035 588 4011 576 
2 12 5181 11295 5494 10957 4499 10822 4211 10803 4128 10804 4204 4132
0 13 1155 5180 1314 4500 818 4214 682 4129 635 4189 666 4133 636
1 11 11293 5495 10958 4502 10826 4217 10756 4130 10753 4190 10725
1 18 5176 1315 5497 820 4504 684 3986 564 4188 665 3970 556 3971 599 4032 4009 641 10802 
2 15 11291 5496 10961 4503 10829 4218 10755 4153 10754 4187 10728 4150 10727 4059 10795 
3 28 5170 1316 5499 821 4506 685 4151 646 4184 664 4186 645 4148 644 4147 10800 4146 4124 10664 3929 10663 4114 4003 4004 4029 4105 4104 4052
4 20 11289 10828 4215 10760 4152 10757 4185 10730 4149 10729 631 10794 4056 10793 4112 4054 4055 3951 4100 4174 
5 18 5500 819 4216 683 3987 565 4182 663 3972 557 4117 630 3952 548 3954 10700 659 5531 
6 20 11287 5501 10959 4507 10827 4219 10759 3988 10758 4183 10732 3973 10731 4181 10704 3953 10703 4179 4175 1331
7 20 1318 5162 5502 822 4220 686 4221 669 4194 668 4193 670 4195 662 4180 661 4177 10813 5530 10638
8 17 5508 11285 10962 5551 10830 5548 10819 5546 10818 4192 5543 5542 3911 3687 3686 3814 10494
9 16 1320 5507 1340 5549 1339 5547 1338 5544 1337 10647 528 10547 418 10582 3816 10493
10 15 5505 10652 3921 10651 5550 10650 3918 10646 526 10546 381 10544 3818 10584 3670
11 14 1319 5504 532 3920 531 3919 530 3917 3908 3630 3617 10523 3790 10587
12 13 5503 10620 3845 10621 3875 10629 3857 10565 388 10545 481 3598 3792
0 19 1321 5512 493 3844 508 3874 499 3637 393 3824 483 3822 394 3799 470 3798 395 10571 443
1 19 5511 10617 3842 10618 3873 10628 3858 10540 3638 10541 3821 10528 3640 10529 3800 10554 3641 10555 3746
2 27 3843 492 3876 509 3859 500 3614 380 3826 484 3604 376 3606 471 3621 384 3623 458 3777 372 3748 445 3588 367 3195 174 3196 
0 24 10616 3841 10619 3878 10630 3860 10543 3615 10542 3825 10531 3605 10530 3801 10557 3622 10556 3779 10515 3708 10514 3750 10501 3709 
1 25 3855 497 3879 510 3861 501 3699 424 3701 485 3827 425 3702 472 3703 426 3705 459 3706 427 3751 446 3710 428 3712
2 25 3854 10626 3877 10631 3862 10595 3700 10592 3828 10599 3679 10596 3802 10600 3704 10601 3778 10604 3707 10605 3749 10609 3711 10338 3261
3 25 496 3853 3852 511 3881 502 3677 413 3678 486 3680 414 3803 473 3682 415 3683 460 3781 416 3753 447 3752 417 3685
4 23 10627 3880 10632 3863 10594 3713 10593 3829 10598 3681 10597 3804 10603 3719 10602 3780 10607 3684 10606 3756 10608 3722 10336
5 23 3882 512 3864 503 3714 429 3830 487 3715 430 3717 474 3805 431 3718 461 3783 432 3721 448 3755 433 3266
6 22 10614 3883 10633 3865 10539 3613 10536 3831 10527 3716 10524 3806 10550 3620 10551 3782 10508 3720 10509 3754 10500 3584
7 22 3838 513 3866 504 3867 379 3832 488 3833 375 3603 475 3807 383 3784 462 3594 371 3758 449 3585 366
8 22 10615 3886 10634 3868 10538 3659 10537 3835 10526 3602 10525 3809 10553 3661 10552 3785 10511 3663 10510 3757 10499 3586
9 22 3849 514 3885 505 3657 403 3836 489 3834 404 3810 476 3662 405 3786 463 3664 406 3666 450 3667 407
10 22 3848 10623 3884 10635 3869 10573 3658 10574 3812 10575 3660 10576 3808 10578 3651 10577 3759 10580 3665 10579 3723 10581
11 25 1401 5682 494 3847 515 3870 506 3646 398 3648 477 3649 399 3650 464 3652 400 3760 451 3654 401 3656 434 3724 402 
12 25 5681 10610 3846 10611 3889 10636 3871 10534 3647 10535 3811 10532 3609 10533 3788 10549 3653 10548 3761 10507 3655 10506 3725 10498 3581
13 25 1402 3837 490 3890 516 3888 507 3610 378 3612 478 3813 377 3608 465 3618 382 3762 452 3591 370 3593 435 3726 365
14 25 8559 9161 6725 9190 3887 9180 3872 9045 3611 9150 6703 9053 3607 9137 3787 9052 3619 9124 3763 9057 3592 9111 6614 9039 3582
0 23 2827 6724 1915 6776 1941 6757 1932 6501 1803 6700 1903 6702 1802 6499 1890 6675 1807 6513 1877 6648 1795 6483 1860 
1 23 8560 9162 6734 9189 6775 9179 6758 9073 6500 9149 6701 9074 6545 9136 6674 9075 6514 9123 6649 9076 6547 9110 6615 
2 23 2826 8557 1919 6774 1940 6756 1931 6543 1823 6542 1902 6699 1824 6544 1889 6673 1825 6647 1876 6548 1826 6613 1859 
3 23 8558 9168 6733 9188 6773 9178 6755 9078 6541 9148 6698 9079 6558 9135 6672 9080 6546 9122 6670 9081 6549 9109 6645 
4 23 2825 6735 1920 6736 1939 6772 1930 6555 1828 6554 1914 6559 1829 6557 1901 6697 1830 6560 1888 6562 1831 6646 1875 
5 23 8555 9163 6728 9187 6771 9177 6753 9046 6503 9160 6722 9054 6556 9147 6696 9049 6561 9134 6671 9058 6563 9121 6643 
6 16 6762 1935 6749 1926 6748 1849 6714 1910 6596 1850 6688 1897 6599 1851 6662 1884 
7 16 9184 6764 9174 6751 9099 6577 9157 6718 9100 6578 9144 6691 9101 6598 9131 6665 
8 16 6763 1921 1936 6765 1927 6576 1838 6717 1911 6715 1839 6690 1898 6689 1840 6664 
9 16 9185 6766 9175 6750 9088 6603 9158 6716 9089 6605 9145 6694 9090 6606 9132 6667 
10 16 1923 6741 1937 6767 1928 6752 1854 6720 1912 6719 1855 6693 1899 6692 1856 6607 
11 16 9186 6768 9176 6754 9104 6505 9159 6723 9105 6604 9146 6695 9106 6515 9133 6669 
12 16 1916 6769 1938 6770 1929 6504 1804 6502 1913 6721 1800 6494 1900 6516 1808 6668 

13 16 9183 6732 6761 9173 6746 9047 6508 9156 6713 9055 6497 9143 6687 9051 6597 9130 
14 16 6731 1917 1934 6747 1925 6509 1805 6507 1909 6498 1801 6496 1896 6517 1809 6659 
15 16 9182 6730 6760 9172 6743 9068 6506 9155 6712 9069 6495 9142 6686 9070 6536 9129 




16 16 1918 6759 1933 6744 1924 6742 1818 6531 1908 6533 1819 6532 1895 6685 1820 6535 