245
24 2685360 2685360 2685360 2685360 2685360 2685360 2685360 2685360 2685360 2685360 2685360 2685360 2685360 2685360 2685360 2685360 2685360 2685360 2685360 2685360 2685360 2685360 2685360 2685360 
25 2685360 2685360 2685360 2685360 2685360 2685360 2685360 2685360 2685360 2685360 2685360 2685360 2685360 2685360 2685360 2685360 2685360 2685360 2685360 2685360 2685360 2685360 2685360 2685360 2685360 
2 2685360 2685360 
24 2685360 2685360 2685360 2685360 2685360 2685360 2685360 2685360 2685360 2685360 2685360 2685360 2685360 2685360 2685360 2685360 2685360 2685360 2685360 2685360 2685360 2685360 2685360 2685360 
3 2685360 2685360 2685360 
28 2685360 2685360 2685360 2685360 2685360 2685360 2685360 2685360 2685360 2685360 2685360 2685360 2685360 2685360 2685360 2685360 2685360 2685360 2685360 2685360 2685360 2685360 2685360 2685360 2685360 2685360 2685360 2685360 
25 2685360 2685360 2685360 2685360 2685360 2685360 2685360 2685360 2685360 2685360 2685360 2685360 2685360 2685360 2685360 2685360 2685360 2685360 2685360 2685360 2685360 2685360 2685360 2685360 2685360 
27 2685360 2685360 2685360 2685360 2685360 2685360 2685360 2685360 2685360 2685360 2685360 2685360 2685360 2685360 2685360 2685360 2685360 2685360 2685360 2685360 2685360 2685360 2685360 2685360 2685360 2685360 2685360 
26 2685360 2685360 2685360 2685360 2685360 2685360 2685360 2685360 2685360 2685360 2685360 2685360 2685360 2685360 2685360 2685360 2685360 2685360 2685360 2685360 2685360 2685360 2685360 2685360 2685360 2685360 
26 2685360 2685360 2685360 2685360 2685360 2685360 2685360 2685360 2685360 2685360 2685360 2685360 2685360 2685360 2685360 2685360 2685360 2685360 2685360 2685360 2685360 2685360 2685360 2685360 2685360 2685360 
43 2685360 2685360 2685360 2685360 2685360 2685360 2685360 2685360 2685360 2685360 2685360 2685360 2685360 2685360 2685360 2685360 2685360 2685360 2685360 2685360 2685360 2685360 2685360 2685360 2685360 2685360 2685360 2685360 2685360 2685360 2685360 2685360 2685360 2685360 2685360 2685360 2685360 2685360 2685360 2685360 2685360 2685360 2685360 
47 2685360 2685360 2685360 2685360 2685360 2685360 2685360 2685360 2685360 2685360 2685360 2685360 2685360 2685360 2685360 2685360 2685360 2685360 2685360 2685360 2685360 2685360 2685360 2685360 2685360 2685360 2685360 2685360 2685360 2685360 2685360 2685360 2685360 2685360 2685360 2685360 2685360 2685360 2685360 2685360 2685360 2685360 2685360 2685360 2685360 2685360 2685360 
22 2685360 2685360 2685360 2685360 2685360 2685360 2685360 2685360 2685360 2685360 2685360 2685360 2685360 2685360 2685360 2685360 2685360 2685360 2685360 2685360 2685360 2685360 
71 2685360 2685360 2685360 2685360 2685360 2685360 2685360 2685360 2685360 2685360 2685360 2685360 2685360 2685360 2685360 2685360 2685360 2685360 2685360 2685360 2685360 2685360 2685360 2685360 2685360 2685360 2685360 2685360 2685360 2685360 2685360 2685360 2685360 2685360 2685360 2685360 2685360 2685360 2685360 2685360 2685360 2685360 2685360 2685360 2685360 2685360 2685360 2685360 2685360 2685360 2685360 2685360 2685360 2685360 2685360 2685360 2685360 2685360 2685360 2685360 2685360 2685360 2685360 2685360 2685360 2685360 2685360 2685360 2685360 2685360 2685360 
29 2685360 2685360 2685360 2685360 2685360 2685360 2685360 2685360 2685360 2685360 2685360 2685360 2685360 2685360 2685360 2685360 2685360 2685360 2685360 2685360 2685360 2685360 2685360 2685360 2685360 2685360 2685360 2685360 2685360 
28 2685360 2685360 2685360 2685360 2685360 2685360 2685360 2685360 2685360 2685360 2685360 2685360 2685360 2685360 2685360 2685360 2685360 2685360 2685360 2685360 2685360 2685360 2685360 2685360 2685360 2685360 2685360 2685360 
30 2685360 2685360 2685360 2685360 2685360 2685360 2685360 2685360 2685360 2685360 2685360 2685360 2685360 2685360 2685360 2685360 2685360 2685360 2685360 2685360 2685360 2685360 2685360 2685360 2685360 2685360 2685360 2685360 2685360 2685360 
25 2685360 2685360 2685360 2685360 2685360 2685360 2685360 2685360 2685360 2685360 2685360 2685360 2685360 2685360 2685360 2685360 2685360 2685360 2685360 2685360 2685360 2685360 2685360 2685360 2685360 
27 2685360 2685360 2685360 2685360 2685360 2685360 2685360 2685360 2685360 2685360 2685360 2685360 2685360 2685360 2685360 2685360 2685360 2685360 2685360 2685360 2685360 2685360 2685360 2685360 2685360 2685360 2685360 
33 2685360 2685360 2685360 2685360 2685360 2685360 2685360 2685360 2685360 2685360 2685360 2685360 2685360 2685360 2685360 2685360 2685360 2685360 2685360 2685360 2685360 2685360 2685360 2685360 2685360 2685360 2685360 2685360 2685360 2685360 2685360 2685360 2685360 
2 2685360 2685360 
18 2685360 2685360 2685360 2685360 2685360 2685360 2685360 2685360 2685360 2685360 2685360 2685360 2685360 2685360 2685360 2685360 2685360 2685360 
4 2685360 2685360 2685360 2685360 
20 2685360 2685360 2685360 2685360 2685360 2685360 2685360 2685360 2685360 2685360 2685360 2685360 2685360 2685360 2685360 2685360 2685360 2685360 2685360 2685360 
20 2685360 2685360 2685360 2685360 2685360 2685360 2685360 2685360 2685360 2685360 2685360 2685360 2685360 2685360 2685360 2685360 2685360 2685360 2685360 2685360 
3 2685360 2685360 2685360 
38 2685360 2685360 2685360 2685360 2685360 2685360 2685360 2685360 2685360 2685360 2685360 2685360 2685360 2685360 2685360 2685360 2685360 2685360 2685360 2685360 2685360 2685360 2685360 2685360 2685360 2685360 2685360 2685360 2685360 2685360 2685360 2685360 2685360 2685360 2685360 2685360 2685360 2685360 
15 2685360 2685360 2685360 2685360 2685360 2685360 2685360 2685360 2685360 2685360 2685360 2685360 2685360 2685360 2685360 
18 2685360 2685360 2685360 2685360 2685360 2685360 2685360 2685360 2685360 2685360 2685360 2685360 2685360 2685360 2685360 2685360 2685360 2685360 
2 2685360 2685360 
17 2685360 2685360 2685360 2685360 2685360 2685360 2685360 2685360 2685360 2685360 2685360 2685360 2685360 2685360 2685360 2685360 2685360 
1 2685360 
17 2685360 2685360 2685360 2685360 2685360 2685360 2685360 2685360 2685360 2685360 2685360 2685360 2685360 2685360 2685360 2685360 2685360 
24 2685360 2685360 2685360 2685360 2685360 2685360 2685360 2685360 2685360 2685360 2685360 2685360 2685360 2685360 2685360 2685360 2685360 2685360 2685360 2685360 2685360 2685360 2685360 2685360 
1 2685360 
5 2685360 2685360 2685360 2685360 2685360 
18 2685360 2685360 2685360 2685360 2685360 2685360 2685360 2685360 2685360 2685360 2685360 2685360 2685360 2685360 2685360 2685360 2685360 2685360 
15 2685360 2685360 2685360 2685360 2685360 2685360 2685360 2685360 2685360 2685360 2685360 2685360 2685360 2685360 2685360 
2 2685360 2685360 
34 2685360 2685360 2685360 2685360 2685360 2685360 2685360 2685360 2685360 2685360 2685360 2685360 2685360 2685360 2685360 2685360 2685360 2685360 2685360 2685360 2685360 2685360 2685360 2685360 2685360 2685360 2685360 2685360 2685360 2685360 2685360 2685360 2685360 2685360 
3 2685360 2685360 2685360 
17 2685360 2685360 2685360 2685360 2685360 2685360 2685360 2685360 2685360 2685360 2685360 2685360 2685360 2685360 2685360 2685360 2685360 
18 2685360 2685360 2685360 2685360 2685360 2685360 2685360 2685360 2685360 2685360 2685360 2685360 2685360 2685360 2685360 2685360 2685360 2685360 
2 2685360 2685360 
4 2685360 2685360 2685360 2685360 
5 2685360 2685360 2685360 2685360 2685360 
2 2685360 2685360 
3 2685360 2685360 2685360 
45 2685360 2685360 2685360 2685360 2685360 2685360 2685360 2685360 2685360 2685360 2685360 2685360 2685360 2685360 2685360 2685360 2685360 2685360 2685360 2685360 2685360 2685360 2685360 2685360 2685360 2685360 2685360 2685360 2685360 2685360 2685360 2685360 2685360 2685360 2685360 2685360 2685360 2685360 2685360 2685360 2685360 2685360 2685360 2685360 2685360 
1 2685360 
3 2685360 2685360 2685360 
18 2685360 2685360 2685360 2685360 2685360 2685360 2685360 2685360 2685360 2685360 2685360 2685360 2685360 2685360 2685360 2685360 2685360 2685360 
1 2685360 
3 2685360 2685360 2685360 
2 2685360 2685360 
17 2685360 2685360 2685360 2685360 2685360 2685360 2685360 2685360 2685360 2685360 2685360 2685360 2685360 2685360 2685360 2685360 2685360 
1 2685360 
41 2685360 2685360 2685360 2685360 2685360 2685360 2685360 2685360 2685360 2685360 2685360 2685360 2685360 2685360 2685360 2685360 2685360 2685360 2685360 2685360 2685360 2685360 2685360 2685360 2685360 2685360 2685360 2685360 2685360 2685360 2685360 2685360 2685360 2685360 2685360 2685360 2685360 2685360 2685360 2685360 2685360 
3 2685360 2685360 2685360 
1 2685360 
17 2685360 2685360 2685360 2685360 2685360 2685360 2685360 2685360 2685360 2685360 2685360 2685360 2685360 2685360 2685360 2685360 2685360 
1 2685360 
5 2685360 2685360 2685360 2685360 2685360 
1 2685360 
19 2685360 2685360 2685360 2685360 2685360 2685360 2685360 2685360 2685360 2685360 2685360 2685360 2685360 2685360 2685360 2685360 2685360 2685360 2685360 
5 2685360 2685360 2685360 2685360 2685360 
1 2685360 
25 2685360 2685360 2685360 2685360 2685360 2685360 2685360 2685360 2685360 2685360 2685360 2685360 2685360 2685360 2685360 2685360 2685360 2685360 2685360 2685360 2685360 2685360 2685360 2685360 2685360 
21 2685360 2685360 2685360 2685360 2685360 2685360 2685360 2685360 2685360 2685360 2685360 2685360 2685360 2685360 2685360 2685360 2685360 2685360 2685360 2685360 2685360 
19 2685360 2685360 2685360 2685360 2685360 2685360 2685360 2685360 2685360 2685360 2685360 2685360 2685360 2685360 2685360 2685360 2685360 2685360 2685360 
1 2685360 
3 2685360 2685360 2685360 
1 2685360 
17 2685360 2685360 2685360 2685360 2685360 2685360 2685360 2685360 2685360 2685360 2685360 2685360 2685360 2685360 2685360 2685360 2685360 
2 2685360 2685360 
18 2685360 2685360 2685360 2685360 2685360 2685360 2685360 2685360 2685360 2685360 2685360 2685360 2685360 2685360 2685360 2685360 2685360 2685360 
17 2685360 2685360 2685360 2685360 2685360 2685360 2685360 2685360 2685360 2685360 2685360 2685360 2685360 2685360 2685360 2685360 2685360 
18 2685360 2685360 2685360 2685360 2685360 2685360 2685360 2685360 2685360 2685360 2685360 2685360 2685360 2685360 2685360 2685360 2685360 2685360 
2 2685360 2685360 
23 2685360 2685360 2685360 2685360 2685360 2685360 2685360 2685360 2685360 2685360 2685360 2685360 2685360 2685360 2685360 2685360 2685360 2685360 2685360 2685360 2685360 2685360 2685360 
17 2685360 2685360 2685360 2685360 2685360 2685360 2685360 2685360 2685360 2685360 2685360 2685360 2685360 2685360 2685360 2685360 2685360 
11 2685360 2685360 2685360 2685360 2685360 2685360 2685360 2685360 2685360 2685360 2685360 
1 2685360 
15 2685360 2685360 2685360 2685360 2685360 2685360 2685360 2685360 2685360 2685360 2685360 2685360 2685360 2685360 2685360 
14 2685360 2685360 2685360 2685360 2685360 2685360 2685360 2685360 2685360 2685360 2685360 2685360 2685360 2685360 
1 2685360 
19 2685360 2685360 2685360 2685360 2685360 2685360 2685360 2685360 2685360 2685360 2685360 2685360 2685360 2685360 2685360 2685360 2685360 2685360 2685360 
21 2685360 2685360 2685360 2685360 2685360 2685360 2685360 2685360 2685360 2685360 2685360 2685360 2685360 2685360 2685360 2685360 2685360 2685360 2685360 2685360 2685360 
16 2685360 2685360 2685360 2685360 2685360 2685360 2685360 2685360 2685360 2685360 2685360 2685360 2685360 2685360 2685360 2685360 
12 2685360 2685360 2685360 2685360 2685360 2685360 2685360 2685360 2685360 2685360 2685360 2685360 
17 2685360 2685360 2685360 2685360 2685360 2685360 2685360 2685360 2685360 2685360 2685360 2685360 2685360 2685360 2685360 2685360 2685360 
16 2685360 2685360 2685360 2685360 2685360 2685360 2685360 2685360 2685360 2685360 2685360 2685360 2685360 2685360 2685360 2685360 
16 2685360 2685360 2685360 2685360 2685360 2685360 2685360 2685360 2685360 2685360 2685360 2685360 2685360 2685360 2685360 2685360 
13 2685360 2685360 2685360 2685360 2685360 2685360 2685360 2685360 2685360 2685360 2685360 2685360 2685360 
19 2685360 2685360 2685360 2685360 2685360 2685360 2685360 2685360 2685360 2685360 2685360 2685360 2685360 2685360 2685360 2685360 2685360 2685360 2685360 
4 2685360 2685360 2685360 2685360 
19 2685360 2685360 2685360 2685360 2685360 2685360 2685360 2685360 2685360 2685360 2685360 2685360 2685360 2685360 2685360 2685360 2685360 2685360 2685360 
5 2685360 2685360 2685360 2685360 2685360 
13 2685360 2685360 2685360 2685360 2685360 2685360 2685360 2685360 2685360 2685360 2685360 2685360 2685360 
17 2685360 2685360 2685360 2685360 2685360 2685360 2685360 2685360 2685360 2685360 2685360 2685360 2685360 2685360 2685360 2685360 2685360 
1 2685360 
28 2685360 2685360 2685360 2685360 2685360 2685360 2685360 2685360 2685360 2685360 2685360 2685360 2685360 2685360 2685360 2685360 2685360 2685360 2685360 2685360 2685360 2685360 2685360 2685360 2685360 2685360 2685360 2685360 
16 2685360 2685360 2685360 2685360 2685360 2685360 2685360 2685360 2685360 2685360 2685360 2685360 2685360 2685360 2685360 2685360 
18 2685360 2685360 2685360 2685360 2685360 2685360 2685360 2685360 2685360 2685360 2685360 2685360 2685360 2685360 2685360 2685360 2685360 2685360 
8 2685360 2685360 2685360 2685360 2685360 2685360 2685360 2685360 
3 2685360 2685360 2685360 
6 2685360 2685360 2685360 2685360 2685360 2685360 
10 2685360 2685360 2685360 2685360 2685360 2685360 2685360 2685360 2685360 2685360 
7 2685360 2685360 2685360 2685360 2685360 2685360 2685360 
4 2685360 2685360 2685360 2685360 
9 2685360 2685360 2685360 2685360 2685360 2685360 2685360 2685360 2685360 
4 2685360 2685360 2685360 2685360 
11 2685360 2685360 2685360 2685360 2685360 2685360 2685360 2685360 2685360 2685360 2685360 
3 2685360 2685360 2685360 
5 2685360 2685360 2685360 2685360 2685360 
2 2685360 2685360 
8 2685360 2685360 2685360 2685360 2685360 2685360 2685360 2685360 
6 2685360 2685360 2685360 2685360 2685360 2685360 
1 2685360 
7 2685360 2685360 2685360 2685360 2685360 2685360 2685360 
4 2685360 2685360 2685360 2685360 
13 2685360 2685360 2685360 2685360 2685360 2685360 2685360 2685360 2685360 2685360 2685360 2685360 2685360 
1 2685360 
12 2685360 2685360 2685360 2685360 2685360 2685360 2685360 2685360 2685360 2685360 2685360 2685360 
2 2685360 2685360 
7 2685360 2685360 2685360 2685360 2685360 2685360 2685360 
2 2685360 2685360 
4 2685360 2685360 2685360 2685360 
8 2685360 2685360 2685360 2685360 2685360 2685360 2685360 2685360 
6 2685360 2685360 2685360 2685360 2685360 2685360 
6 2685360 2685360 2685360 2685360 2685360 2685360 
14 2685360 2685360 2685360 2685360 2685360 2685360 2685360 2685360 2685360 2685360 2685360 2685360 2685360 2685360 
11 2685360 2685360 2685360 2685360 2685360 2685360 2685360 2685360 2685360 2685360 2685360 
10 2685360 2685360 2685360 2685360 2685360 2685360 2685360 2685360 2685360 2685360 
9 2685360 2685360 2685360 2685360 2685360 2685360 2685360 2685360 2685360 
1 2685360 
20 2685360 2685360 2685360 2685360 2685360 2685360 2685360 2685360 2685360 2685360 2685360 2685360 2685360 2685360 2685360 2685360 2685360 2685360 2685360 2685360 
13 2685360 2685360 2685360 2685360 2685360 2685360 2685360 2685360 2685360 2685360 2685360 2685360 2685360 
5 2685360 2685360 2685360 2685360 2685360 
5 2685360 2685360 2685360 2685360 2685360 
2 2685360 2685360 
5 2685360 2685360 2685360 2685360 2685360 
15 2685360 2685360 2685360 2685360 2685360 2685360 2685360 2685360 2685360 2685360 2685360 2685360 2685360 2685360 2685360 
1 2685360 
7 2685360 2685360 2685360 2685360 2685360 2685360 2685360 
1 2685360 
16 2685360 2685360 2685360 2685360 2685360 2685360 2685360 2685360 2685360 2685360 2685360 2685360 2685360 2685360 2685360 2685360 
22 2685360 2685360 2685360 2685360 2685360 2685360 2685360 2685360 2685360 2685360 2685360 2685360 2685360 2685360 2685360 2685360 2685360 2685360 2685360 2685360 2685360 2685360 
1 2685360 
7 2685360 2685360 2685360 2685360 2685360 2685360 2685360 
21 2685360 2685360 2685360 2685360 2685360 2685360 2685360 2685360 2685360 2685360 2685360 2685360 2685360 2685360 2685360 2685360 2685360 2685360 2685360 2685360 2685360 
7 2685360 2685360 2685360 2685360 2685360 2685360 2685360 
2 2685360 2685360 
53 2685360 2685360 2685360 2685360 2685360 2685360 2685360 2685360 2685360 2685360 2685360 2685360 2685360 2685360 2685360 2685360 2685360 2685360 2685360 2685360 2685360 2685360 2685360 2685360 2685360 2685360 2685360 2685360 2685360 2685360 2685360 2685360 2685360 2685360 2685360 2685360 2685360 2685360 2685360 2685360 2685360 2685360 2685360 2685360 2685360 2685360 2685360 2685360 2685360 2685360 2685360 2685360 2685360 
1 2685360 
4 2685360 2685360 2685360 2685360 
19 2685360 2685360 2685360 2685360 2685360 2685360 2685360 2685360 2685360 2685360 2685360 2685360 2685360 2685360 2685360 2685360 2685360 2685360 2685360 
1 2685360 
11 2685360 2685360 2685360 2685360 2685360 2685360 2685360 2685360 2685360 2685360 2685360 
5 2685360 2685360 2685360 2685360 2685360 
26 2685360 2685360 2685360 2685360 2685360 2685360 2685360 2685360 2685360 2685360 2685360 2685360 2685360 2685360 2685360 2685360 2685360 2685360 2685360 2685360 2685360 2685360 2685360 2685360 2685360 2685360 
4 2685360 2685360 2685360 2685360 
12 2685360 2685360 2685360 2685360 2685360 2685360 2685360 2685360 2685360 2685360 2685360 2685360 
1 2685360 
4 2685360 2685360 2685360 2685360 
9 2685360 2685360 2685360 2685360 2685360 2685360 2685360 2685360 2685360 
1 2685360 
8 2685360 2685360 2685360 2685360 2685360 2685360 2685360 2685360 
1 2685360 
10 2685360 2685360 2685360 2685360 2685360 2685360 2685360 2685360 2685360 2685360 
1 2685360 
8 2685360 2685360 2685360 2685360 2685360 2685360 2685360 2685360 
5 2685360 2685360 2685360 2685360 2685360 
1 2685360 
8 2685360 2685360 2685360 2685360 2685360 2685360 2685360 2685360 
9 2685360 2685360 2685360 2685360 2685360 2685360 2685360 2685360 2685360 
5 2685360 2685360 2685360 2685360 2685360 
6 2685360 2685360 2685360 2685360 2685360 2685360 
8 2685360 2685360 2685360 2685360 2685360 2685360 2685360 2685360 
18 2685360 2685360 2685360 2685360 2685360 2685360 2685360 2685360 2685360 2685360 2685360 2685360 2685360 2685360 2685360 2685360 2685360 2685360 
3 2685360 2685360 2685360 
4 2685360 2685360 2685360 2685360 
9 2685360 2685360 2685360 2685360 2685360 2685360 2685360 2685360 2685360 
1 2685360 
2 2685360 2685360 
5 2685360 2685360 2685360 2685360 2685360 
8 2685360 2685360 2685360 2685360 2685360 2685360 2685360 2685360 
6 2685360 2685360 2685360 2685360 2685360 2685360 
10 2685360 2685360 2685360 2685360 2685360 2685360 2685360 2685360 2685360 2685360 
3 2685360 2685360 2685360 
3 2685360 2685360 2685360 
18 2685360 2685360 2685360 2685360 2685360 2685360 2685360 2685360 2685360 2685360 2685360 2685360 2685360 2685360 2685360 2685360 2685360 2685360 
8 2685360 2685360 2685360 2685360 2685360 2685360 2685360 2685360 
1 2685360 
7 2685360 2685360 2685360 2685360 2685360 2685360 2685360 
7 2685360 2685360 2685360 2685360 2685360 2685360 2685360 
10 2685360 2685360 2685360 2685360 2685360 2685360 2685360 2685360 2685360 2685360 
16 2685360 2685360 2685360 2685360 2685360 2685360 2685360 2685360 2685360 2685360 2685360 2685360 2685360 2685360 2685360 2685360 
6 2685360 2685360 2685360 2685360 2685360 2685360 
3 2685360 2685360 2685360 
7 2685360 2685360 2685360 2685360 2685360 2685360 2685360 
11 2685360 2685360 2685360 2685360 2685360 2685360 2685360 2685360 2685360 2685360 2685360 
4 2685360 2685360 2685360 2685360 
2 2685360 2685360 
2 2685360 2685360 
2 2685360 2685360 
2 2685360 2685360 
10 2685360 2685360 2685360 2685360 2685360 2685360 2685360 2685360 2685360 2685360 
7 2685360 2685360 2685360 2685360 2685360 2685360 2685360 
5 2685360 2685360 2685360 2685360 2685360 
1 2685360 
7 2685360 2685360 2685360 2685360 2685360 2685360 2685360 
8 2685360 2685360 2685360 2685360 2685360 2685360 2685360 2685360 
4 2685360 2685360 2685360 2685360 
9 2685360 2685360 2685360 2685360 2685360 2685360 2685360 2685360 2685360 
3 2685360 2685360 2685360 
5 2685360 2685360 2685360 2685360 2685360 
9 2685360 2685360 2685360 2685360 2685360 2685360 2685360 2685360 2685360 
11 2685360 2685360 2685360 2685360 2685360 2685360 2685360 2685360 2685360 2685360 2685360 
8 2685360 2685360 2685360 2685360 2685360 2685360 2685360 2685360 
4 2685360 2685360 2685360 2685360 
5 2685360 2685360 2685360 2685360 2685360 
1 2685360 
6 2685360 2685360 2685360 2685360 2685360 2685360 
7 2685360 2685360 2685360 2685360 2685360 2685360 2685360 
7 2685360 2685360 2685360 2685360 2685360 2685360 2685360 
5 2685360 2685360 2685360 2685360 2685360 
1 2685360 
5 2685360 2685360 2685360 2685360 2685360 
4 2685360 2685360 2685360 2685360 
3 2685360 2685360 2685360 
2 2685360 2685360 
4 2685360 2685360 2685360 2685360 
2 2685360 2685360 
1 2685360 
1 2685360 
1 2685360 
3 2685360 2685360 2685360 
1 2685360 
1 2685360 
1 2685360 
1 2685360 
2 2685360 2685360 
4 2685360 2685360 2685360 2685360 
1 2685360 
