17 376 380 384 471 484 492 500 509 1322 3604 3606 3614 3621 3826 3843 3859 3876
9 393 493 499 508 1321 3637 3844 3874 5512
13 413 414 486 496 502 511 3677 3678 3680 3803 3852 3853 3881
15 424 425 472 485 497 501 510 3699 3701 3702 3703 3827 3855 3861 3879
3 429 487 3830
10 526 530 531 532 1319 3908 3917 3919 3920 5504
4 551 667 3959 4060
12 556 564 665 684 820 1315 3970 3986 4188 4504 5176 5497
10 565 663 683 819 1317 3972 3987 4182 4216 4501
13 635 636 666 682 818 1314 4129 4131 4133 4189 4214 4500 5180
12 645 646 664 685 821 1316 4151 4184 4186 4506 5170 5499
10 668 669 686 822 1318 4193 4194 4220 4221 5502
5 674 675 4201 4202 4206
10 1320 1337 1338 1339 1340 5507 5543 5544 5547 5549
13 1801 1805 1896 1909 1917 1925 1934 6496 6498 6507 6509 6731 6747
7 1818 1918 1924 1933 6742 6744 6759
11 1838 1839 1911 1921 1927 1936 6576 6715 6717 6763 6765
12 1849 1850 1910 1922 1926 1935 6596 6688 6714 6748 6749 6762
3 1854 6720 6752
8 1951 1955 1956 1957 6794 6801 6802 6804
11 1989 2090 2109 2245 2740 6859 6877 7071 7394 8057 8373
9 1990 2088 2108 2244 2742 6878 7109 7390 7392
10 2060 2091 2107 2243 2739 7018 7072 7105 7107 8372
9 2071 2089 2110 2246 2741 7037 7111 7113 8377
9 2093 2094 2111 2247 7078 7080 7081 7115 8379
8 2762 2763 2764 2765 8419 8421 8424 8426
17 3605 3615 3622 3801 3825 3841 3860 3878 5513 10530 10531 10542 10543 10557 10616 10619 10630
17 3638 3640 3641 3800 3821 3842 3858 3873 5511 10528 10529 10540 10541 10554 10617 10618 10628
9 3639 3845 3857 3875 5503 10565 10620 10621 10629
14 3679 3700 3802 3828 3854 3862 3877 10592 10595 10596 10599 10625 10626 10631
6 3713 3829 3863 10593 10594 10598
10 3918 3921 5505 5545 5550 10646 10647 10650 10651 10652
10 3988 4183 4219 4507 5501 10732 10758 10759 10827 10959
9 4128 4132 4204 4211 10803 10804 10805 10806 10822
12 4130 4134 4190 4217 4502 5495 10725 10753 10756 10826 10958 11293
12 4150 4153 4187 4218 4503 5496 10728 10754 10755 10829 10961 11291
10 4152 4185 4215 4505 5498 10730 10757 10760 10828 10960
10 4192 5508 5546 5548 5551 10817 10818 10819 10830 10962
4 4203 4205 10709 10711
13 6497 6508 6687 6713 6732 6746 6761 9047 9055 9143 9156 9173 9183
7 6506 6730 6743 6760 9068 9172 9182
11 6577 6578 6718 6738 6751 6764 9099 9100 9157 9174 9184
10 6603 6716 6740 6750 6766 9088 9089 9158 9175 9185
7 6530 6745 6803 6805 9063 9171 9181
8 6795 8420 8422 8425 9201 9205 9206 9207
9 6876 7070 7110 7395 8376 9341 9342 9384 9528
9 6879 7076 7116 7391 9364 9365 9366 9383 9527
9 6880 7067 7112 7393 8378 9243 9252 9382 9526
11 7016 7073 7106 7388 8374 9329 9330 9362 9381 9525 9861
9 7077 7079 7114 8423 9244 9253 9367 9385 9529
