9 4  2868 2870 2884 2868 2869 2884 2870 2869
103 4  5492 2850 3054 5492 3055 3054 2850 3055
121 4  2868 3092 3091 2868 4512 3091 3092 4512
122 4  3093 3095 3092 3093 4513 3092 3095 4513
126 4  3102 3091 3103 3102 3104 3103 3091 3104
127 4  3102 3105 2870 3102 3135 2870 3105 3135
131 4  3110 3103 3055 3110 4496 3055 3103 4496
132 4  3110 3112 3105 3110 3111 3105 3112 3111
380 4  3614 3638 3615 3614 3826 3615 3638 3826
424 4  3615 3701 3699 3615 3700 3699 3701 3700
492 4  3841 3843 3876 3841 3842 3876 3843 3842
493 4  3842 5512 3844 3842 3845 3844 5512 3845
496 4  3856 3853 3852 3856 3854 3852 3853 3854
497 4  3854 3855 3879 3854 3841 3879 3855 3841
498 4  3839 5584 3882 3839 3856 3882 5584 3856
500 4  3858 3614 3859 3858 3860 3859 3614 3860
501 4  3860 3699 3861 3860 3862 3861 3699 3862
502 4  3862 3677 3881 3862 3863 3881 3677 3863
503 4  3863 3714 3864 3863 3865 3864 3714 3865
508 4  3873 3844 3874 3873 3875 3874 3844 3875
509 4  3878 3876 3859 3878 3873 3859 3876 3873
510 4  3877 3879 3861 3877 3878 3861 3879 3878
511 4  3880 3852 3881 3880 3877 3881 3852 3877
512 4  3883 3882 3864 3883 3880 3864 3882 3880
531 4  3919 3875 5550 3919 3920 5550 3875 3920
532 4  3920 3845 3921 3920 5504 3921 3845 5504
565 4  4152 4182 3987 4152 3988 3987 4182 3988
646 4  4151 4153 4152 4151 4184 4152 4153 4184
669 4  4221 3988 5546 4221 4194 5546 3988 4194
680 4  4223 4212 4495 4223 4211 4495 4212 4211
682 4  4211 4129 4214 4211 4217 4214 4129 4217
683 4  4215 3987 4216 4215 4219 4216 3987 4219
684 4  4217 3986 4504 4217 4218 4504 3986 4218
685 4  4218 4151 4506 4218 4215 4506 4151 4215
686 4  4219 4221 4220 4219 5548 4220 4221 5548
687 4  4222 4224 4508 4222 4223 4508 4224 4223
816 4  4493 4495 4494 4493 4499 4494 4495 4499
817 4  4510 4498 4496 4510 4497 4496 4498 4497
818 4  4499 4214 4500 4499 4502 4500 4214 4502
819 4  4505 4216 4501 4505 4507 4501 4216 4507
820 4  4502 4504 5497 4502 4503 5497 4504 4503
821 4  4503 4506 5499 4503 4505 5499 4506 4505
822 4  4507 4220 5502 4507 5551 5502 4220 5551
823 4  4497 4508 3054 4497 4493 3054 4508 4493
824 4  4509 4511 3104 4509 4510 3104 4511 4510
825 4  4514 4282 4512 4514 4509 4512 4282 4509
826 4  4517 4305 4513 4517 4514 4513 4305 4514
1313 4  5492 4494 5493 5492 5494 5493 4494 5494
1314 4  5495 5180 4500 5495 5494 4500 5180 5494
1315 4  5495 5497 5176 5495 5496 5176 5497 5496
1316 4  5498 5170 5499 5498 5496 5499 5170 5496
1317 4  5498 4501 5500 5498 5501 5500 4501 5501
1318 4  5501 5502 5162 5501 5508 5162 5502 5508
1319 4  5503 5506 5504 5503 5505 5504 5506 5505
1320 4  5507 5505 5508 5507 5509 5508 5505 5509
1321 4  5503 5512 5510 5503 5511 5510 5512 5511
1322 4  5513 5174 3843 5513 5511 3843 5174 5511
1338 4  5547 5546 3918 5547 5544 3918 5546 5544
1339 4  5547 5550 5548 5547 5549 5548 5550 5549
1340 4  5507 5551 3921 5507 5549 3921 5551 5549
1434 4  5993 5981 5748 5993 5763 5748 5981 5763
1546 4  5978 5981 5979 5978 5980 5979 5981 5980
1551 4  5980 5994 5990 5980 6002 5990 5994 6002
1552 4  5991 5994 5992 5991 5993 5992 5994 5993
1556 4  6002 6003 7386 6002 5941 7386 6003 5941
1557 4  5730 6003 5996 5730 5991 5996 6003 5991
1801 4  6495 6498 6496 6495 6497 6496 6498 6497
1805 4  6506 6509 6507 6506 6508 6507 6509 6508
1838 4  6717 6577 6603 6717 6576 6603 6577 6576
1839 4  6690 6578 6605 6690 6715 6605 6578 6715
1849 4  6714 6508 6577 6714 6748 6577 6508 6748
1850 4  6688 6497 6578 6688 6596 6578 6497 6596
1854 4  6720 6603 6505 6720 6752 6505 6603 6752
1896 4  6496 6687 6686 6496 6517 6686 6687 6517
1909 4  6507 6713 6712 6507 6498 6712 6713 6498
1910 4  6596 6713 6718 6596 6714 6718 6713 6714
1911 4  6715 6718 6716 6715 6717 6716 6718 6717
1917 4  6729 6732 6730 6729 6731 6730 6732 6731
1918 4  8386 6730 6805 8386 6759 6805 6730 6759
1921 4  6737 6740 6738 6737 6763 6738 6740 6763
1922 4  8391 6738 6732 8391 6762 6732 6738 6762
1923 4  6739 6727 6740 6739 6741 6740 6727 6741
1924 4  6742 6745 6743 6742 6744 6743 6745 6744
1925 4  6509 6743 6746 6509 6747 6746 6743 6747
1926 4  6748 6746 6751 6748 6749 6751 6746 6749
1927 4  6576 6751 6750 6576 6765 6750 6751 6765
1928 4  6752 6750 6754 6752 6767 6754 6750 6767
1933 4  6759 6760 6803 6759 6744 6803 6760 6744
1934 4  6731 6761 6760 6731 6747 6760 6761 6747
1935 4  6762 6764 6761 6762 6749 6761 6764 6749
1936 4  6763 6766 6764 6763 6765 6764 6766 6765
1937 4  6741 6768 6766 6741 6767 6766 6768 6767
1951 4  6794 6798 6802 6794 6795 6802 6798 6795
1955 4  6745 6802 6801 6745 8420 6801 6802 8420
1956 4  6803 6801 6804 6803 8422 6804 6801 8422
1957 4  6805 6804 6806 6805 8425 6806 6804 8425
1988 4  6873 6875 6866 6873 6874 6866 6875 6874
1989 4  7071 7016 6876 7071 6877 6876 7016 6877
1990 4  6878 6880 6879 6878 7109 6879 6880 7109
2060 4  7016 7018 7105 7016 7017 7105 7018 7017
2071 4  6876 7111 7037 6876 6880 7037 7111 6880
2088 4  7067 6878 7068 7067 7076 7068 6878 7076
2089 4  7070 7037 7069 7070 7067 7069 7037 7067
2090 4  7073 7071 6859 7073 7070 6859 7071 7070
2091 4  7072 7074 7073 7072 7018 7073 7074 7018
2093 4  7076 7078 7081 7076 7077 7081 7078 7077
2094 4  6879 7080 7078 6879 7079 7078 7080 7079
2100 4  7093 7094 7092 7093 7074 7092 7094 7074
2101 4  6864 7095 7094 6864 7017 7094 7095 7017
2105 4  7095 7104 7108 7095 7103 7108 7104 7103
2106 4  6874 7148 7118 6874 7385 7118 7148 7385
2107 4  7105 7108 7106 7105 7107 7106 7108 7107
2108 4  7109 7112 7116 7109 7390 7116 7112 7390
2109 4  6877 7106 7110 6877 7394 7110 7106 7394
2110 4  7111 7110 7112 7111 7113 7112 7110 7113
2111 4  7080 7116 7114 7080 7115 7114 7116 7115
2128 4  7148 7146 7149 7148 7174 7149 7146 7174
2241 4  7103 7396 7389 7103 8369 7389 7396 8369
2242 4  7385 7387 7397 7385 7386 7397 7387 7386
2243 4  7107 7389 7388 7107 8372 7388 7389 8372
2244 4  7390 7393 7391 7390 7392 7391 7393 7392
2245 4  7394 7388 7395 7394 8373 7395 7388 8373
2246 4  7113 7395 7393 7113 8377 7393 7395 8377
2247 4  7115 7391 8423 7115 8379 8423 7391 8379
2248 4  7117 7397 7396 7117 5942 7396 7397 5942
2249 4  7149 7398 7387 7149 5990 7387 7398 5990
2250 4  7175 7399 7398 7175 5979 7398 7399 5979
2251 4  7200 7400 7399 7200 5982 7399 7400 5982
2738 4  8369 5943 8371 8369 8370 8371 5943 8370
2739 4  8061 8374 8371 8061 8372 8371 8374 8372
2740 4  8373 8374 8376 8373 8057 8376 8374 8057
2741 4  8375 8378 8376 8375 8377 8376 8378 8377
2742 4  7392 8378 8382 7392 8050 8382 8378 8050
2762 4  6795 8418 8419 6795 7077 8419 8418 7077
2763 4  7079 8421 8419 7079 8420 8419 8421 8420
2764 4  8422 8421 8424 8422 7114 8424 8421 7114
2765 4  8423 8426 8424 8423 8425 8424 8426 8425
2850 4  10100 0 0 10103 103 10100 10103 103
2868 4  10122 9 9 10123 10123 121 121 10122
2870 4  9 10122 10118 9 10122 127 127 10118
2884 4  10123 9 9 10121 17 10123 10121 17
3054 4  10254 103 103 10253 10253 823 823 10254
3055 4  10253 103 103 10103 10103 131 131 10253
3091 4  10122 121 121 10266 126 10122 10266 126
3092 4  121 10123 10265 121 10123 122 122 10265
3102 4  10122 126 126 10272 10272 127 127 10122
3103 4  10272 126 126 10271 131 10272 10271 131
3104 4  10271 126 126 10266 10266 824 824 10271
3105 4  127 10272 10273 127 10272 132 132 10273
3110 4  10272 131 131 10103 10103 132 132 10272
3112 4  10103 0 0 10102 132 10103 10102 132
3614 4  10540 380 380 10543 500 10540 10543 500
3615 4  10543 380 380 10542 10542 424 424 10543
3638 4  380 10540 10541 380 10540 393 393 10541
3677 4  10595 413 413 10594 502 10595 10594 502
3699 4  10543 424 424 10595 501 10543 10595 501
3700 4  10592 413 413 10595 10595 424 424 10592
3701 4  424 10542 10592 424 10542 485 485 10592
3826 4  10542 380 380 10541 484 10542 10541 484
3841 4  10616 492 492 10619 10619 497 497 10616
3842 4  10618 492 492 10617 10617 493 493 10618
3843 4  492 10616 10617 492 10616 1322 1322 10617
3844 4  10618 493 493 10621 508 10618 10621 508
3845 4  10621 493 493 10620 532 10621 10620 532
3852 4  10627 496 496 10626 511 10627 10626 511
3853 4  496 10624 10625 496 10624 1324 1324 10625
3854 4  10626 496 496 10625 10625 497 497 10626
3855 4  497 10625 10616 497 1323 10616 10625 1323
3856 4  10624 496 496 10627 10627 498 498 10624
3858 4  10628 499 499 10540 10540 500 500 10628
3859 4  10628 500 500 10630 10630 509 509 10628
3860 4  10630 500 500 10543 10543 501 501 10630
3861 4  10630 501 501 10631 10631 510 510 10630
3862 4  10631 501 501 10595 10595 502 502 10631
3863 4  10632 502 502 10594 10594 503 503 10632
3864 4  10632 503 503 10633 10633 512 512 10632
3873 4  10618 508 508 10628 10628 509 509 10618
3875 4  10629 508 508 10621 531 10629 10621 531
3876 4  10619 492 492 10618 509 10619 10618 509
3877 4  10626 510 510 10631 10631 511 511 10626
3878 4  10619 509 509 10630 10630 510 510 10619
3879 4  10626 497 497 10619 510 10626 10619 510
3880 4  10627 511 511 10632 10632 512 512 10627
3881 4  10631 502 502 10632 10632 511 511 10631
3882 4  10614 498 498 10627 512 10614 10627 512
3883 4  10614 512 512 10633 10633 513 513 10614
3919 4  10650 530 530 10629 10629 531 531 10650
3920 4  10651 531 531 10621 10621 532 532 10651
3921 4  10651 532 532 10652 10652 1340 1340 10651
3986 4  10756 564 564 10755 684 10756 10755 684
3987 4  10760 565 565 10759 683 10760 10759 683
3988 4  10759 565 565 10758 669 10759 10758 669
4129 4  10803 635 635 10756 682 10803 10756 682
4151 4  10755 646 646 10760 685 10755 10760 685
4152 4  10757 565 565 10760 10760 646 646 10757
4153 4  10755 564 564 10754 646 10755 10754 646
4211 4  10822 680 680 10803 10803 682 682 10822
4212 4  10739 676 676 10803 680 10739 10803 680
4214 4  10822 682 682 10826 818 10822 10826 818
4215 4  10760 683 683 10828 10828 685 685 10760
4216 4  10828 683 683 10827 819 10828 10827 819
4217 4  10826 682 682 10756 10756 684 684 10826
4218 4  10829 684 684 10755 10755 685 685 10829
4219 4  10827 683 683 10759 10759 686 686 10827
4220 4  10827 686 686 10830 822 10827 10830 822
4221 4  10759 669 669 10819 686 10759 10819 686
4222 4  10824 681 681 10740 10740 687 687 10824
4223 4  10739 680 680 10823 10823 687 687 10739
4493 4  10823 816 816 10254 10254 823 823 10823
4494 4  10254 816 816 10957 1313 10254 10957 1313
4495 4  10823 680 680 10822 816 10823 10822 816
4496 4  10253 131 131 10271 10271 817 817 10253
4497 4  10253 817 817 10824 10824 823 823 10253
4498 4  10825 681 681 10824 817 10825 10824 817
4499 4  10957 816 816 10822 10822 818 818 10957
4500 4  10957 818 818 10958 10958 1314 1314 10957
4501 4  10960 819 819 10959 1317 10960 10959 1317
4502 4  10958 818 818 10826 10826 820 820 10958
4503 4  10961 820 820 10829 10829 821 821 10961
4504 4  10826 684 684 10829 820 10826 10829 820
4505 4  10828 819 819 10960 10960 821 821 10828
4506 4  10829 685 685 10828 821 10829 10828 821
4507 4  10959 819 819 10827 10827 822 822 10959
4508 4  10824 687 687 10823 823 10824 10823 823
4509 4  10848 824 824 10266 10266 825 825 10848
4510 4  10825 817 817 10271 10271 824 824 10825
4512 4  10266 121 121 10265 10265 825 825 10266
4513 4  10265 122 122 10267 10267 826 826 10265
4514 4  10860 825 825 10265 10265 826 826 10860
5170 4  11289 1151 1151 11291 1316 11289 11291 1316
5176 4  11291 1153 1153 11293 11293 1315 1315 11291
5180 4  11293 1155 1155 11295 1314 11293 11295 1314
5492 4  10100 103 103 10254 10254 1313 1313 10100
5493 4  11295 1162 1162 10100 10100 1313 1313 11295
5494 4  11295 1313 1313 10957 10957 1314 1314 11295
5495 4  11293 1314 1314 10958 10958 1315 1315 11293
5496 4  11291 1315 1315 10961 10961 1316 1316 11291
5497 4  10958 820 820 10961 1315 10958 10961 1315
5498 4  11289 1316 1316 10960 10960 1317 1317 11289
5499 4  10961 821 821 10960 10960 1316 1316 10961
5501 4  11287 1317 1317 10959 10959 1318 1318 11287
5502 4  10959 822 822 10962 1318 10959 10962 1318
5503 4  11288 1319 1319 10620 10620 1321 1321 11288
5504 4  10652 532 532 10620 10620 1319 1319 10652
5505 4  10652 1319 1319 11286 1320 10652 11286 1320
5507 4  10652 1320 1320 10962 10962 1340 1340 10652
5508 4  11285 1318 1318 10962 10962 1320 1320 11285
5511 4  11290 1321 1321 10617 10617 1322 1322 11290
5512 4  493 10617 10620 493 1321 10620 10617 1321
5513 4  11292 1322 1322 10616 10616 1323 1323 11292
5546 4  10819 669 669 10818 1338 10819 10818 1338
5547 4  10819 1338 1338 10650 10650 1339 1339 10819
5548 4  10830 686 686 10819 10819 1339 1339 10830
5549 4  10830 1339 1339 10651 10651 1340 1340 10830
5550 4  10650 531 531 10651 1339 10650 10651 1339
5551 4  10962 822 822 10830 1340 10962 10830 1340
5730 4  8624 1425 1425 8625 8625 1557 1557 8624
5748 4  1433 8635 8638 1433 8635 1434 1434 8638
5941 4  8625 1528 1528 8770 8770 1556 1556 8625
5978 4  8640 1546 1546 8781 8781 1547 1547 8640
5979 4  8781 1546 1546 8782 8782 2250 2250 8781
5980 4  8782 1546 1546 8639 8639 1551 1551 8782
5981 4  1434 8639 8640 1434 1546 8640 8639 1546
5982 4  8783 1547 1547 8781 8781 2251 2251 8783
5990 4  8782 1551 1551 8787 8787 2249 2249 8782
5991 4  8788 1552 1552 8789 8789 1557 1557 8788
5992 4  8789 1552 1552 8635 1568 8789 8635 1568
5993 4  8639 1434 1434 8635 8635 1552 1552 8639
5994 4  1551 8639 8788 1551 1552 8788 8639 1552
6002 4  8787 1551 1551 8788 8788 1556 1556 8787
6003 4  1556 8788 8625 1556 1557 8625 8788 1557
6496 4  9142 1801 1801 9143 9143 1896 1896 9142
6497 4  9143 1801 1801 9055 1850 9143 9055 1850
6498 4  1801 9069 9055 1801 9069 1909 1909 9055
6507 4  9155 1805 1805 9156 9156 1909 1909 9155
6508 4  9156 1805 1805 9047 1849 9156 9047 1849
6509 4  1805 9068 9047 1805 9068 1925 1925 9047
6576 4  9088 1838 1838 9099 9099 1927 1927 9088
6577 4  1838 9157 9099 1838 9157 1849 1849 9099
6578 4  1839 9144 9100 1839 9144 1850 1850 9100
6596 4  9100 1850 1850 9055 9055 1910 1910 9100
6603 4  9158 1838 1838 9088 1854 9158 9088 1854
6687 4  1896 9143 9051 1896 1897 9051 9143 1897
6688 4  9143 1850 1850 9144 9144 1897 1897 9143
6713 4  1909 9156 9055 1909 1910 9055 9156 1910
6714 4  9156 1849 1849 9157 9157 1910 1910 9156
6715 4  9089 1839 1839 9100 9100 1911 1911 9089
6716 4  9089 1911 1911 9158 1912 9089 9158 1912
6717 4  9157 1838 1838 9158 9158 1911 1911 9157
6718 4  9100 1910 1910 9157 1911 9100 9157 1911
6720 4  9158 1854 1854 9159 9159 1912 1912 9158
6727 4  9164 1916 1916 9186 1923 9164 9186 1923
6730 4  9166 1917 1917 9182 1918 9166 9182 1918
6731 4  9182 1917 1917 9183 9183 1934 1934 9182
6732 4  1917 9165 9183 1917 9165 1922 1922 9183
6738 4  9170 1921 1921 9184 1922 9170 9184 1922
6740 4  1921 9169 9185 1921 9169 1923 1923 9185
6741 4  9185 1923 1923 9186 9186 1937 1937 9185
6742 4  1818 9063 9068 1818 9063 1924 1924 9068
6743 4  9068 1924 1924 9172 1925 9068 9172 1925
6744 4  9172 1924 1924 9171 9171 1933 1933 9172
6745 4  1924 9063 9171 1924 9063 1955 1955 9171
6746 4  9047 1925 1925 9173 1926 9047 9173 1926
6747 4  9173 1925 1925 9172 9172 1934 1934 9173
6748 4  9099 1849 1849 9047 9047 1926 1926 9099
6749 4  9174 1926 1926 9173 9173 1935 1935 9174
6750 4  9088 1927 1927 9175 1928 9088 9175 1928
6751 4  9099 1926 1926 9174 1927 9099 9174 1927
6752 4  9104 1854 1854 9088 9088 1928 1928 9104
6754 4  9104 1928 1928 9176 1929 9104 9176 1929
6759 4  9181 1918 1918 9182 9182 1933 1933 9181
6760 4  1933 9182 9172 1933 9182 1934 1934 9172
6761 4  1934 9183 9173 1934 9183 1935 1935 9173
6762 4  9183 1922 1922 9184 9184 1935 1935 9183
6763 4  9184 1921 1921 9185 9185 1936 1936 9184
6764 4  1935 9184 9174 1935 9184 1936 1936 9174
6765 4  9175 1927 1927 9174 9174 1936 1936 9175
6766 4  1936 9185 9175 1936 9185 1937 1937 9175
6767 4  9176 1928 1928 9175 9175 1937 1937 9176
6768 4  1937 9186 9176 1937 9186 1938 1938 9176
6795 4  9201 1951 1951 9202 9202 2762 2762 9201
6801 4  9171 1955 1955 9205 1956 9171 9205 1956
6802 4  9063 1951 1951 9201 1955 9063 9201 1955
6803 4  9181 1933 1933 9171 9171 1956 1956 9181
6804 4  9181 1956 1956 9206 1957 9181 9206 1957
6805 4  9167 1918 1918 9181 9181 1957 1957 9167
6866 4  1984 9239 9248 1984 9239 1988 1988 9248
6874 4  9248 1988 1988 9251 9251 2106 2106 9248
6876 4  9341 1989 1989 9342 9342 2071 2071 9341
6877 4  9342 1989 1989 9329 9329 2109 2109 9342
6878 4  9243 1990 1990 9364 2088 9243 9364 2088
6879 4  9364 1990 1990 9365 9365 2094 2094 9364
6880 4  1990 9243 9252 1990 9243 2071 2071 9252
7016 4  1989 9330 9329 1989 9330 2060 2060 9329
7017 4  9247 2060 2060 9238 9238 2101 2101 9247
7018 4  2060 9330 9238 2060 9330 2091 2091 9238
7037 4  9341 2071 2071 9243 2089 9341 9243 2089
7067 4  9243 2088 2088 9360 9360 2089 2089 9243
7070 4  9341 2089 2089 9361 9361 2090 2090 9341
7071 4  9330 1989 1989 9341 2090 9330 9341 2090
7073 4  9330 2090 2090 9362 9362 2091 2091 9330
7074 4  2091 9363 9238 2091 9363 2100 2100 9238
7076 4  9366 2088 2088 9364 9364 2093 2093 9366
7077 4  9367 2093 2093 9244 9244 2762 2762 9367
7078 4  2093 9364 9244 2093 9364 2094 2094 9244
7079 4  9244 2094 2094 9253 9253 2763 2763 9244
7080 4  2094 9365 9253 2094 9365 2111 2111 9253
7094 4  2100 9373 9238 2100 9373 2101 2101 9238
7095 4  2101 9374 9247 2101 9374 2105 2105 9247
7103 4  9377 2105 2105 9378 9378 2241 2241 9377
7105 4  9329 2060 2060 9247 9247 2107 2107 9329
7106 4  9329 2107 2107 9381 2109 9329 9381 2109
7107 4  9381 2107 2107 9377 9377 2243 2243 9381
7108 4  9247 2105 2105 9377 2107 9247 9377 2107
7109 4  9365 1990 1990 9252 9252 2108 2108 9365
7110 4  9342 2109 2109 9384 2110 9342 9384 2110
7111 4  2071 9342 9252 2071 9342 2110 2110 9252
7112 4  2108 9252 9382 2108 9252 2110 2110 9382
7113 4  9382 2110 2110 9384 9384 2246 2246 9382
7114 4  9253 2111 2111 9385 9385 2764 2764 9253
7115 4  9385 2111 2111 9383 9383 2247 2247 9385
7116 4  9365 2108 2108 9383 2111 9365 9383 2111
7118 4  9248 2106 2106 9380 2112 9248 9380 2112
7148 4  2106 9251 9379 2106 9251 2128 2128 9379
7149 4  9379 2128 2128 9406 9406 2249 2249 9379
7174 4  9406 2128 2128 9405 9405 2140 2140 9406
7175 4  9406 2140 2140 9419 9419 2250 2250 9406
7200 4  9419 2152 2152 9432 9432 2251 2251 9419
7385 4  9380 2106 2106 9379 9379 2242 2242 9380
7386 4  8787 1556 1556 8770 8770 2242 2242 8787
7387 4  2242 9379 8787 2242 9379 2249 2249 8787
7388 4  9381 2243 2243 9525 2245 9381 9525 2245
7389 4  9377 2241 2241 9524 2243 9377 9524 2243
7390 4  9383 2108 2108 9382 9382 2244 2244 9383
7391 4  9383 2244 2244 9527 2247 9383 9527 2247
7392 4  9527 2244 2244 9526 9526 2742 2742 9527
7393 4  2244 9382 9526 2244 9382 2246 2246 9526
7394 4  9384 2109 2109 9381 9381 2245 2245 9384
7395 4  9384 2245 2245 9528 2246 9384 9528 2246
7397 4  9380 2242 2242 8770 2248 9380 8770 2248
7398 4  2249 9406 8782 2249 9406 2250 2250 8782
7399 4  2250 9419 8781 2250 9419 2251 2251 8781
8057 4  9861 2578 2578 9859 9859 2740 2740 9861
8061 4  9863 2580 2580 9861 9861 2739 2739 9863
8369 4  9524 2241 2241 8616 8616 2738 2738 9524
8370 4  2587 9863 8617 2587 9863 2738 2738 8617
8371 4  9524 2738 2738 9863 9863 2739 2739 9524
8372 4  9525 2243 2243 9524 9524 2739 2739 9525
8373 4  9528 2245 2245 9525 9525 2740 2740 9528
8374 4  2739 9861 9525 2739 2740 9525 9861 2740
8376 4  9528 2740 2740 9859 9859 2741 2741 9528
8377 4  9526 2246 2246 9528 9528 2741 2741 9526
8378 4  2741 9857 9526 2741 2742 9526 9857 2742
8379 4  9529 2247 2247 9527 9527 2743 2743 9529
8419 4  9201 2762 2762 9244 9244 2763 2763 9201
8420 4  9205 1955 1955 9201 9201 2763 2763 9205
8421 4  2763 9253 9205 2763 2764 9205 9253 2764
8422 4  9206 1956 1956 9205 9205 2764 2764 9206
8423 4  9385 2247 2247 9529 9529 2765 2765 9385
8424 4  9206 2764 2764 9385 9385 2765 2765 9206
8425 4  9207 1957 1957 9206 9206 2765 2765 9207
8426 4  2745 9207 9529 2745 2765 9529 9207 2765
8625 4  5730 5940 5940 5941 5941 6003 6003 5730
8635 4  5748 6025 5993 5748 5992 5993 6025 5992
8639 4  5981 5993 5980 5981 5994 5980 5993 5994
8640 4  5763 5981 5765 5763 5981 5978 5978 5765
8770 4  5941 5942 7386 5941 7397 7386 5942 7397
8781 4  5978 5979 5982 5978 5979 7399 7399 5982
8782 4  5979 5980 5980 5990 5990 7398 7398 5979
8787 4  5990 6002 6002 7386 7386 7387 7387 5990
8788 4  6002 5994 5994 5991 6003 6002 5991 6003
9047 4  6508 6509 6748 6508 6509 6746 6746 6748
9055 4  6497 6498 6596 6497 6498 6713 6713 6596
9063 5  6530 6794 6742 6530 6745 6742 6794 6802 6802 6745
9068 4  6509 6506 6506 6742 6742 6743 6743 6509
9088 4  6603 6576 6752 6603 6576 6750 6750 6752
9089 4  6605 6715 6719 6605 6715 6716 6716 6719
9099 4  6576 6577 6577 6748 6748 6751 6751 6576
9100 4  6715 6578 6578 6596 6596 6718 6718 6715
9104 4  6504 6505 6505 6752 6752 6754 6754 6504
9143 4  6496 6497 6497 6688 6687 6496 6688 6687
9156 4  6507 6508 6508 6714 6713 6507 6714 6713
9157 4  6577 6717 6714 6577 6718 6714 6717 6718
9158 4  6717 6603 6603 6720 6716 6717 6720 6716
9171 4  6744 6745 6803 6744 6745 6801 6801 6803
9172 4  6743 6744 6747 6743 6744 6760 6760 6747
9173 4  6746 6747 6749 6746 6747 6761 6761 6749
9174 4  6751 6749 6765 6751 6749 6764 6764 6765
9175 4  6750 6765 6767 6750 6765 6766 6766 6767
9176 4  6754 6767 6770 6754 6767 6768 6768 6770
9181 4  6805 6759 6759 6803 6803 6804 6804 6805
9182 4  6730 6731 6759 6730 6760 6759 6731 6760
9183 4  6731 6732 6732 6762 6761 6731 6762 6761
9184 4  6738 6763 6762 6738 6764 6762 6763 6764
9185 4  6763 6740 6740 6741 6766 6763 6741 6766
9186 4  6727 6769 6741 6727 6768 6741 6769 6768
9201 4  6802 6795 8420 6802 6795 8419 8419 8420
9205 4  6801 8420 8422 6801 8420 8421 8421 8422
9206 4  6804 8422 8425 6804 8422 8424 8424 8425
9207 4  6806 8425 8383 6806 8426 8383 8425 8426
9238 4  7017 7018 7018 7074 7074 7094 7094 7017
9239 4  6866 6863 6873 6866 7075 6873 6863 7075
9243 4  6880 6878 7037 6880 6878 7067 7067 7037
9244 4  7077 7078 7078 7079 8419 7077 7079 8419
9247 4  7105 7017 7017 7095 7095 7108 7108 7105
9248 4  6865 6866 6866 6874 6874 7118 7118 6865
9252 4  7109 6880 6880 7111 7112 7109 7111 7112
9253 4  7079 7080 7080 7114 8421 7079 7114 8421
9329 4  6877 7016 7016 7105 7105 7106 7106 6877
9330 4  7016 7071 7018 7016 7071 7073 7073 7018
9341 4  7071 6876 6876 7037 7037 7070 7070 7071
9342 4  6876 6877 7111 6876 6877 7110 7110 7111
9364 4  6878 6879 7076 6878 7078 7076 6879 7078
9365 4  6879 7109 7080 6879 7109 7116 7116 7080
9377 4  7108 7103 7107 7108 7103 7389 7389 7107
9379 4  7385 7148 7148 7149 7387 7385 7149 7387
9380 4  7118 7385 7117 7118 7385 7397 7397 7117
9381 4  7106 7107 7394 7106 7107 7388 7388 7394
9382 4  7390 7112 7112 7113 7393 7390 7113 7393
9383 4  7116 7390 7115 7116 7390 7391 7391 7115
9384 4  7110 7394 7113 7110 7394 7395 7395 7113
9385 4  7114 7115 7115 8423 8424 7114 8423 8424
9406 4  7149 7174 7174 7175 7398 7149 7175 7398
9419 4  7175 7176 7176 7200 7399 7175 7200 7399
9524 4  7389 8369 8372 7389 8369 8371 8371 8372
9525 4  7388 8372 8373 7388 8372 8374 8374 8373
9526 4  7392 7393 7393 8377 8377 8378 8378 7392
9527 4  7391 7392 8379 7391 7392 8382 8382 8379
9528 4  7395 8373 8377 7395 8373 8376 8376 8377
9529 4  8423 8379 8379 8380 8380 8426 8426 8423
9861 4  8062 8057 8061 8062 8374 8061 8057 8374
9863 4  8073 8061 8370 8073 8371 8370 8061 8371
10100 4  5196 2850 2850 5492 5493 5196 5492 5493
10103 4  2850 3112 3055 2850 3110 3055 3112 3110
10122 4  2870 2868 2868 3091 3091 3102 3102 2870
10123 4  2868 2884 2884 3093 3092 2868 3093 3092
10253 4  3054 3055 3055 4496 4496 4497 4497 3054
10254 4  5492 3054 4493 4494 3054 4493 4494 5492
10265 4  4512 3092 3092 4513 4514 4512 4513 4514
10266 4  3091 4512 3104 3091 4509 3104 4512 4509
10271 4  3103 3104 4496 3103 4510 4496 3104 4510
10272 4  3102 3103 3105 3102 3103 3110 3110 3105
10540 4  3638 3614 3637 3638 3858 3637 3614 3858
10541 4  3826 3638 3638 3824 3824 3821 3821 3826
10542 4  3615 3826 3701 3615 3826 3825 3825 3701
10543 4  3614 3615 3615 3699 3860 3614 3699 3860
10594 4  3677 3713 3713 3714 3863 3677 3714 3863
10595 4  3700 3677 3699 3700 3862 3699 3677 3862
10614 4  3838 3839 3839 3882 3882 3883 3883 3838
10616 4  3843 3841 3841 3855 5513 3843 3855 5513
10617 4  3842 3843 5512 3842 5511 5512 3843 5511
10618 4  3876 3842 3842 3844 3844 3873 3873 3876
10619 4  3841 3876 3879 3841 3876 3878 3878 3879
10620 4  3845 5512 5504 3845 5503 5504 5512 5503
10621 4  3844 3845 3875 3844 3920 3875 3845 3920
10625 4  3854 3853 3855 3854 5514 3855 3853 5514
10626 4  3852 3854 3854 3879 3879 3877 3877 3852
10627 4  3856 3852 3882 3856 3852 3880 3880 3882
10628 4  3874 3858 3858 3859 3873 3874 3859 3873
10630 4  3859 3860 3860 3861 3878 3859 3861 3878
10631 4  3861 3862 3862 3881 3877 3861 3881 3877
10632 4  3881 3863 3863 3864 3880 3881 3864 3880
10650 4  3918 3919 3919 5550 5547 3918 5550 5547
10651 4  5550 3920 3920 3921 5549 5550 3921 5549
10652 4  3921 5504 5504 5505 5505 5507 5507 3921
10739 4  4224 3975 3975 4212 4212 4223 4223 4224
10755 4  3986 4153 4153 4151 4218 3986 4151 4218
10756 4  4130 3986 4129 4130 4217 4129 3986 4217
10759 4  3987 3988 3988 4221 4219 3987 4221 4219
10760 4  4152 3987 4151 4152 3987 4215 4215 4151
10803 4  4128 4129 4212 4128 4211 4212 4129 4211
10819 4  4221 5546 5548 4221 5546 5547 5547 5548
10822 4  4495 4211 4211 4214 4499 4495 4214 4499
10823 4  4223 4495 4508 4223 4495 4493 4493 4508
10824 4  4498 4222 4222 4508 4497 4498 4508 4497
10825 4  4256 4498 4511 4256 4498 4510 4510 4511
10826 4  4214 4217 4217 4504 4502 4214 4504 4502
10827 4  4216 4219 4219 4220 4507 4216 4220 4507
10828 4  4215 4216 4506 4215 4216 4505 4505 4506
10829 4  4504 4218 4218 4506 4503 4504 4506 4503
10830 4  4220 5548 5551 4220 5548 5549 5549 5551
10957 4  4494 4499 4499 4500 5494 4494 4500 5494
10958 4  4500 4502 4502 5497 5495 4500 5497 5495
10959 4  4501 4507 4507 5502 5501 4501 5502 5501
10960 4  4505 4501 5499 4505 5498 5499 4501 5498
10961 4  5497 4503 4503 5499 5496 5497 5499 5496
10962 4  5502 5551 5508 5502 5507 5508 5551 5507
11291 4  5170 5171 5171 5176 5176 5496 5496 5170
11293 4  5176 5179 5179 5180 5180 5495 5495 5176
11295 4  5180 5181 5181 5493 5493 5494 5494 5180
