4
262.493 239.561
256.401 258.581
258.754 277.975
 260.07 295.756
275.255 316.197
291.542 324.493
297.894 330.823
318.717 336.698
337.683 333.816
356.422 321.933
368.193 317.718
375.162 298.952
379.071 279.823
  382.1 260.205
380.077 248.916
363.513 232.503
354.785  230.06
340.966 226.351
333.845 231.049
344.021 232.075
352.567 233.236
275.909 228.859
288.154 223.364
 302.44 225.278
310.947 230.986
 290.65 228.312
302.015 229.644
  282.4 239.669
296.751 234.714
307.841 241.329
294.458 243.215
360.996 243.439
348.804 237.609
 337.67 242.878
348.004   245.6
319.188 238.602
308.982 254.358
305.738 264.469
 306.99 272.566
321.176 273.554
335.981 274.208
335.899 266.493
331.977 253.809
328.166 238.534
314.902 270.252
330.796 271.143
299.868  295.54
306.072 290.816
312.437 288.942
321.025 288.778
327.743 289.297
335.201 292.251
 341.35 296.972
333.966 299.454
329.911 300.596
322.805 302.486
313.687 300.797
305.578 298.487
313.614 295.581
322.799 297.153
327.672  297.04
329.637 294.272
320.186 293.728
312.057 294.184
323.002  294.84
321.899 266.277
289.043 235.571
288.645 241.351
300.403 242.311
 303.02 236.249
343.272 238.719
343.083  244.17
355.745 245.194
354.421 238.978
285.088 314.962
285.088 314.962
285.088 314.962
285.088 314.962
285.088 314.962
291.542 324.493
297.894 330.823
318.717 336.698
337.683 333.816
347.472 325.164
354.746 315.316
354.746 315.316
354.746 315.316
354.746 315.316
354.746 315.316
363.513 232.503
354.785  230.06
340.966 226.351
333.845 231.049
344.021 232.075
352.567 233.236
275.909 228.859
288.154 223.364
 302.44 225.278
310.947 230.986
 290.65 228.312
302.015 229.644
  282.4 239.669
296.751 234.714
307.841 241.329
294.458 243.215
360.996 243.439
348.804 237.609
 337.67 242.878
348.004   245.6
319.188 238.602
308.982 254.358
305.738 264.469
 306.99 272.566
321.176 273.554
335.981 274.208
335.899 266.493
331.977 253.809
328.166 238.534
314.902 270.252
330.796 271.143
299.868  295.54
306.072 290.816
312.437 288.942
321.025 288.778
327.743 289.297
335.201 292.251
 341.35 296.972
333.966 299.454
329.911 300.596
322.805 302.486
313.687 300.797
305.578 298.487
313.614 295.581
322.799 297.153
327.672  297.04
329.637 294.272
320.186 293.728
312.057 294.184
323.002  294.84
321.899 266.277
289.043 235.571
288.645 241.351
300.403 242.311
 303.02 236.249
343.272 238.719
343.083  244.17
355.745 245.194
354.421 238.978
  283.3289  316.6605
  283.3289  316.6605
  283.3289  316.6605
  304.6178  335.8202
  304.6178  335.8202
  304.6178  335.8202
  304.6178  335.8202
  304.6178  335.8202
  325.9373  335.8088
  325.9373  335.8088
  325.9373  335.8088
  325.9373  335.8088
  352.9664  313.3154
  352.9664  313.3154
  352.9664  313.3154
  366.3094  230.0369
  357.7165  228.0576
  344.1016  225.0823
  336.7209  230.1581
  346.8407  230.6444
  355.3227  231.3512
  278.9062  231.0448
  291.4550  224.9002
  305.6348  226.0550
  313.8270  231.3111
  293.6771  229.7154
  304.9685  230.4440
  284.8001  241.5101
  299.4251  235.7937
  310.1494  241.8192
  296.6617  244.4160
  363.1878  241.1064
  351.3182  235.9237
  339.8929  241.7844
  350.0767  243.9569
  321.6468  238.4901
  310.5705  254.7876
  306.7675  265.0711
  307.5722  273.1019
  321.7042  273.3358
  336.4733  273.2040
  336.8171  265.4938
  333.5956  253.0172
  330.6287  237.9449
  315.6125  270.3674
  331.4573  270.4139
  299.1816  296.4540
  305.6464  291.4000
  312.1148  289.1885
  320.7117  288.5685
  327.4017  288.7301
  334.6956  291.2885
  340.5845  295.6831
  333.0631  298.5574
  328.9447  299.9144
  321.7342  302.1819
  312.7104  300.9765
  304.7288  299.0980
  312.9254  295.7646
  322.0229  296.8494
  326.9027  296.4775
  329.0207  293.6053
  319.6000  293.5624
  311.4450  294.4508
  322.3539  294.5255
  322.8286  266.0202
  291.6689  237.0598
  290.9526  242.8609
  302.6567  243.1968
  305.6089  236.9956
  345.7248  237.3271
  345.2339  242.7890
  357.8398  243.1403
  356.8595  236.9952
317.154 289.875
317.154 289.875
317.154 289.875
317.754 294.691
319.461 300.519
319.461 300.519
319.461 300.519
319.461 300.519
322.048 300.826
322.048 300.826
322.048 300.826
323.191 299.084
325.631 289.478
325.631 289.478
325.631 289.478
327.969 252.892
326.901 252.589
325.248 251.521
324.312 253.599
325.548 253.761
326.581 254.029
317.433 250.699
318.934 249.434
320.599 250.911
321.545 253.411
319.148  251.83
320.495 252.597
318.032 255.852
319.795  254.57
321.038 257.488
319.385 258.338
327.522 257.276
326.061 255.902
324.637 258.103
325.844 259.375
322.393 257.344
320.899 264.534
320.336 269.231
320.308 273.734
321.928 275.603
323.819 274.139
323.941 270.507
 323.68 264.566
  323.5 257.041
321.236 273.836
323.173 273.847
319.128 283.259
319.905 281.982
 320.68 281.584
321.711  281.73
322.532 281.724
323.427  282.43
324.161 283.505
323.181 285.377
322.642 286.376
321.725 287.644
320.646 286.874
319.741 285.137
320.733 284.309
321.813 285.175
322.421 284.866
322.705 283.596
321.541 283.784
320.569 283.634
 321.89 283.875
322.091 272.996
318.861 254.705
 318.73 257.158
320.119 257.955
320.534 255.198
325.379 256.291
325.269 258.756
326.823 258.645
326.737 256.239
317.669 289.445
317.669 289.445
317.669 289.445
318.408 294.339
320.286 300.362
320.286 300.362
320.286 300.362
320.286 300.362
 322.89  300.94
 322.89  300.94
 322.89  300.94
323.987 299.312
 326.16 289.933
 326.16 289.933
 326.16 289.933
327.463 253.483
326.384 253.067
324.695 251.823
323.815 253.809
 325.06 254.102
326.104 254.478
316.834 250.182
318.303  249.07
320.015 250.726
321.035 253.332
318.586 251.496
319.959 252.406
317.581 255.413
319.313 254.311
320.643 257.369
319.009 258.048
 327.14 257.833
325.635 256.302
 324.27 258.361
325.517 259.763
321.998 257.365
320.704  264.42
320.273 269.073
320.373 273.586
322.051  275.63
323.906 274.359
323.925 270.729
323.494 264.744
323.099 257.177
321.307 273.785
 323.25 273.999
319.461 283.016
320.204 281.816
 320.97 281.498
322.008 281.752
322.832 281.832
323.749 282.634
324.516 283.789
323.586 285.564
323.074  286.51
 322.19 287.685
321.086   286.8
320.129 284.964
321.101 284.237
322.208 285.218
 322.81 284.972
323.058 283.728
321.896 283.795
320.917 283.542
322.248 283.922
322.141 273.032
 318.38 254.349
318.318 256.796
319.734  257.74
320.072 255.019
324.962 256.621
324.922 259.082
326.477 259.133
326.323 256.711


15
-20947419287986756638474240.000000 -20947419287986756638474240.000000
-20947419287986756638474240.000000 -20947419287986756638474240.000000
-20947419287986756638474240.000000 -20947419287986756638474240.000000
-20947419287986756638474240.000000 -20947419287986756638474240.000000
-20947419287986756638474240.000000 -20947419287986756638474240.000000
-20947419287986756638474240.000000 -20947419287986756638474240.000000
-20947419287986756638474240.000000 -20947419287986756638474240.000000
-20947419287986756638474240.000000 -20947419287986756638474240.000000
-20947419287986756638474240.000000 -20947419287986756638474240.000000
-20947419287986756638474240.000000 -20947419287986756638474240.000000
-20947419287986756638474240.000000 -20947419287986756638474240.000000
-20947419287986756638474240.000000 -20947419287986756638474240.000000
-20947419287986756638474240.000000 -20947419287986756638474240.000000
-20947419287986756638474240.000000 -20947419287986756638474240.000000
-20947419287986756638474240.000000 -20947419287986756638474240.000000
-20947419287986756638474240.000000 -20947419287986756638474240.000000
-20947419287986756638474240.000000 -20947419287986756638474240.000000
-20947419287986756638474240.000000 -20947419287986756638474240.000000
-20947419287986756638474240.000000 -20947419287986756638474240.000000
-20947419287986756638474240.000000 -20947419287986756638474240.000000
-20947419287986756638474240.000000 -20947419287986756638474240.000000
-20947419287986756638474240.000000 -20947419287986756638474240.000000
-20947419287986756638474240.000000 -20947419287986756638474240.000000
-20947419287986756638474240.000000 -20947419287986756638474240.000000
-20947419287986756638474240.000000 -20947419287986756638474240.000000
-20947419287986756638474240.000000 -20947419287986756638474240.000000
-20947419287986756638474240.000000 -20947419287986756638474240.000000
-20947419287986756638474240.000000 -20947419287986756638474240.000000
-20947419287986756638474240.000000 -20947419287986756638474240.000000
-20947419287986756638474240.000000 -20947419287986756638474240.000000
-20947419287986756638474240.000000 -20947419287986756638474240.000000
-20947419287986756638474240.000000 -20947419287986756638474240.000000
-20947419287986756638474240.000000 -20947419287986756638474240.000000
-20947419287986756638474240.000000 -20947419287986756638474240.000000
-20947419287986756638474240.000000 -20947419287986756638474240.000000
-20947419287986756638474240.000000 -20947419287986756638474240.000000
-20947419287986756638474240.000000 -20947419287986756638474240.000000
-20947419287986756638474240.000000 -20947419287986756638474240.000000
-20947419287986756638474240.000000 -20947419287986756638474240.000000
-20947419287986756638474240.000000 -20947419287986756638474240.000000
-20947419287986756638474240.000000 -20947419287986756638474240.000000
-20947419287986756638474240.000000 -20947419287986756638474240.000000
-20947419287986756638474240.000000 -20947419287986756638474240.000000
-20947419287986756638474240.000000 -20947419287986756638474240.000000
-20947419287986756638474240.000000 -20947419287986756638474240.000000
-20947419287986756638474240.000000 -20947419287986756638474240.000000
-20947419287986756638474240.000000 -20947419287986756638474240.000000
-20947419287986756638474240.000000 -20947419287986756638474240.000000
-20947419287986756638474240.000000 -20947419287986756638474240.000000
-20947419287986756638474240.000000 -20947419287986756638474240.000000
-20947419287986756638474240.000000 -20947419287986756638474240.000000
-20947419287986756638474240.000000 -20947419287986756638474240.000000
-20947419287986756638474240.000000 -20947419287986756638474240.000000
-20947419287986756638474240.000000 -20947419287986756638474240.000000
-20947419287986756638474240.000000 -20947419287986756638474240.000000
-20947419287986756638474240.000000 -20947419287986756638474240.000000
-20947419287986756638474240.000000 -20947419287986756638474240.000000
-20947419287986756638474240.000000 -20947419287986756638474240.000000
-20947419287986756638474240.000000 -20947419287986756638474240.000000
-20947419287986756638474240.000000 -20947419287986756638474240.000000
-20947419287986756638474240.000000 -20947419287986756638474240.000000
-20947419287986756638474240.000000 -20947419287986756638474240.000000
-20947419287986756638474240.000000 -20947419287986756638474240.000000
-20947419287986756638474240.000000 -20947419287986756638474240.000000
-20947419287986756638474240.000000 -20947419287986756638474240.000000
-20947419287986756638474240.000000 -20947419287986756638474240.000000
-20947419287986756638474240.000000 -20947419287986756638474240.000000
-20947419287986756638474240.000000 -20947419287986756638474240.000000
-20947419287986756638474240.000000 -20947419287986756638474240.000000
-20947419287986756638474240.000000 -20947419287986756638474240.000000
-20947419287986756638474240.000000 -20947419287986756638474240.000000
-20947419287986756638474240.000000 -20947419287986756638474240.000000
-20947419287986756638474240.000000 -20947419287986756638474240.000000
-20947419287986756638474240.000000 -20947419287986756638474240.000000
109.204193 354.143494
109.204193 354.143494
109.204193 354.143494
109.204193 354.143494
109.204193 354.143494
109.204193 354.143494
109.204193 354.143494
109.204193 354.143494
109.204193 354.143494
109.204193 354.143494
109.204193 354.143494
109.204193 354.143494
109.204193 354.143494
109.204193 354.143494
109.204193 354.143494
109.204193 354.143494
109.204193 354.143494
109.204193 354.143494
109.204193 354.143494
109.204193 354.143494
109.204193 354.143494
109.204193 354.143494
109.204193 354.143494
109.204193 354.143494
109.204193 354.143494
109.204193 354.143494
109.204193 354.143494
109.204193 354.143494
109.204193 354.143494
109.204193 354.143494
109.204193 354.143494
109.204193 354.143494
109.204193 354.143494
109.204193 354.143494
109.204193 354.143494
109.204193 354.143494
109.204193 354.143494
109.204193 354.143494
109.204193 354.143494
109.204193 354.143494
109.204193 354.143494
109.204193 354.143494
109.204193 354.143494
109.204193 354.143494
109.204193 354.143494
109.204193 354.143494
109.204193 354.143494
109.204193 354.143494
109.204193 354.143494
109.204193 354.143494
109.204193 354.143494
109.204193 354.143494
109.204193 354.143494
109.204193 354.143494
109.204193 354.143494
109.204193 354.143494
109.204193 354.143494
109.204193 354.143494
109.204193 354.143494
109.204193 354.143494
109.204193 354.143494
109.204193 354.143494
109.204193 354.143494
109.204193 354.143494
109.204193 354.143494
109.204193 354.143494
109.204193 354.143494
109.204193 354.143494
109.204193 354.143494
109.204193 354.143494
109.204193 354.143494
109.204193 354.143494
109.204193 354.143494
109.204193 354.143494
