12
722.337891 667.175659
722.337891 667.175659
722.337891 667.175659
722.337891 667.175659
722.337891 667.175659
722.337891 667.175659
722.337891 667.175659
722.337891 667.175659
722.337891 667.175659
722.337891 667.175659
722.337891 667.175659
722.337891 667.175659
722.337891 667.175659
722.337891 667.175659
722.337891 667.175659
722.337891 667.175659
722.337891 667.175659
722.337891 667.175659
722.337891 667.175659
722.337891 667.175659
722.337891 667.175659
722.337891 667.175659
722.337891 667.175659
722.337891 667.175659
722.337891 667.175659
722.337891 667.175659
722.337891 667.175659
722.337891 667.175659
722.337891 667.175659
722.337891 667.175659
722.337891 667.175659
722.337891 667.175659
722.337891 667.175659
722.337891 667.175659
722.337891 667.175659
722.337891 667.175659
722.337891 667.175659
722.337891 667.175659
722.337891 667.175659
722.337891 667.175659
722.337891 667.175659
722.337891 667.175659
722.337891 667.175659
722.337891 667.175659
722.337891 667.175659
722.337891 667.175659
722.337891 667.175659
722.337891 667.175659
722.337891 667.175659
722.337891 667.175659
722.337891 667.175659
722.337891 667.175659
722.337891 667.175659
722.337891 667.175659
722.337891 667.175659
722.337891 667.175659
722.337891 667.175659
722.337891 667.175659
722.337891 667.175659
722.337891 667.175659
722.337891 667.175659
722.337891 667.175659
722.337891 667.175659
722.337891 667.175659
722.337891 667.175659
722.337891 667.175659
722.337891 667.175659
722.337891 667.175659
722.337891 667.175659
722.337891 667.175659
722.337891 667.175659
722.337891 667.175659
722.337891 667.175659
722.337891 667.175659
257.635742 229.691727
257.635742 229.691727
257.635742 229.691727
257.635742 229.691727
257.635742 229.691727
257.635742 229.691727
257.635742 229.691727
257.635742 229.691727
257.635742 229.691727
257.635742 229.691727
257.635742 229.691727
257.635742 229.691727
257.635742 229.691727
257.635742 229.691727
257.635742 229.691727
257.635742 229.691727
257.635742 229.691727
257.635742 229.691727
257.635742 229.691727
257.635742 229.691727
257.635742 229.691727
257.635742 229.691727
257.635742 229.691727
257.635742 229.691727
257.635742 229.691727
257.635742 229.691727
257.635742 229.691727
257.635742 229.691727
257.635742 229.691727
257.635742 229.691727
257.635742 229.691727
257.635742 229.691727
257.635742 229.691727
257.635742 229.691727
257.635742 229.691727
257.635742 229.691727
257.635742 229.691727
257.635742 229.691727
257.635742 229.691727
257.635742 229.691727
257.635742 229.691727
257.635742 229.691727
257.635742 229.691727
257.635742 229.691727
257.635742 229.691727
257.635742 229.691727
257.635742 229.691727
257.635742 229.691727
257.635742 229.691727
257.635742 229.691727
257.635742 229.691727
257.635742 229.691727
257.635742 229.691727
257.635742 229.691727
257.635742 229.691727
257.635742 229.691727
257.635742 229.691727
257.635742 229.691727
257.635742 229.691727
257.635742 229.691727
257.635742 229.691727
257.635742 229.691727
257.635742 229.691727
257.635742 229.691727
257.635742 229.691727
257.635742 229.691727
257.635742 229.691727
257.635742 229.691727
257.635742 229.691727
257.635742 229.691727
257.635742 229.691727
257.635742 229.691727
257.635742 229.691727
257.635742 229.691727
266.856018 240.686417
253.909348 257.001587
254.981110 275.618347
254.982025 293.681519
274.974548 320.720612
289.687225 323.571228
297.700989 330.797119
316.170807 334.518555
337.142212 329.626709
353.907288 321.319550
369.300537 317.791931
377.445984 300.239288
381.345062 281.590027
386.578857 258.071350
386.666534 237.049011
365.000305 227.000168
356.546814 226.264130
344.103394 223.518326
337.153076 228.533310
346.114105 228.892578
354.048065 229.409241
283.067322 232.062851
294.739319 226.657959
307.477234 226.751617
314.954529 230.821396
297.084656 230.942123
306.629974 230.737640
289.456390 242.466537
301.540771 236.387741
311.914795 240.466583
299.954163 245.110260
361.861877 239.716934
349.836975 234.645096
339.583313 240.630508
349.336792 243.189880
323.226746 238.542007
312.974945 255.920593
308.851471 267.227173
310.278320 274.580231
324.712494 276.081757
337.374878 274.581482
338.201385 266.684723
334.842834 253.897842
331.398254 237.363007
318.034546 272.973083
334.103973 272.570404
302.676758 299.458191
309.286987 294.498840
315.321869 292.337067
323.237488 291.531921
328.727295 291.562012
335.293243 292.915619
339.722931 296.892151
333.497589 301.061157
329.556366 302.691284
322.942200 304.991791
314.650299 304.053864
306.904236 302.492615
314.862366 299.790161
323.464203 300.359100
327.765778 299.588745
330.065704 295.532379
322.015533 296.507111
314.443420 297.343964
323.731628 298.071259
326.070190 269.781860
294.933136 238.117981
295.214996 244.171051
304.901703 243.130997
306.877350 236.806931
345.046631 236.135895
344.822327 241.726807
356.872559 242.020798
355.598938 235.404160
265.690063 235.137115
263.650055 256.823761
267.055573 276.468201
267.782654 292.603424
276.997284 315.855560
288.211090 323.081848
296.375092 332.777130
314.318146 340.090240
337.029999 335.637756
357.900543 324.864929
365.726227 315.921783
372.525879 299.875671
376.944214 281.349243
378.124786 258.390411
376.544189 237.913788
365.679901 224.069031
355.389221 224.095749
343.604492 223.012543
334.538361 229.241318
344.269470 229.228882
353.601624 228.232819
280.346558 226.345612
293.866180 220.734467
302.729034 221.887482
310.818756 228.976334
294.815491 226.829041
302.915466 228.460693
286.473114 241.485931
301.494843 237.425156
317.026581 241.865433
303.231750 249.867279
361.893524 238.790939
350.482391 233.762894
334.576233 241.573120
345.460419 246.763428
323.618988 239.870361
313.929688 257.414703
309.439789 268.239410
310.351990 275.324707
323.443726 273.741791
337.470032 276.293701
338.475098 268.225922
332.556061 255.526108
330.191071 239.772217
317.442139 271.402069
333.121002 271.748444
298.081512 292.903442
307.540009 287.962311
313.103455 288.931824
321.678650 287.416809
326.369415 290.273407
335.708160 293.307037
341.504089 297.506989
331.348328 300.021301
326.425842 299.794189
317.517090 299.677917
310.915466 298.900452
303.444275 298.633698
310.717651 294.932068
319.863403 295.567963
325.022522 296.012421
329.977356 293.996826
321.110199 291.678925
313.641083 291.407288
320.868317 293.508423
325.864624 267.829132
291.836548 238.894211
295.579346 247.984726
308.665924 247.203217
309.340454 235.545624
343.870331 236.937057
339.960541 243.681625
355.736572 244.172501
357.193054 235.204773
265.000336 236.000153
263.187286 258.031433
266.704346 277.856018
267.507721 294.129761
276.416840 317.163940
287.401520 324.140076
295.514038 333.750031
313.533234 340.997437
336.462433 336.566895
357.602936 325.890961
366.002441 317.327026
372.807831 301.237274
377.188293 282.628235
378.292480 259.534088
376.634644 238.911255
365.152588 224.579132
354.791565 224.567062
342.971375 223.470337
333.835663 229.711395
343.653870 229.736572
353.020630 228.742584
279.418976 226.869659
292.957153 221.152740
301.861084 222.302032
309.997101 229.440674
293.866577 227.261719
302.045227 228.921600
285.622314 242.140808
300.584412 237.927261
316.274933 242.438232
302.296906 250.422760
361.478912 239.462357
349.888947 234.301224
333.908325 242.141556
344.823517 247.352844
322.706512 240.293869
312.953735 257.931396
308.436707 268.813080
309.376770 275.946075
322.435883 274.269196
336.614899 276.883850
337.612976 268.776520
331.682037 256.031128
329.339386 240.215881
316.434631 271.947235
332.186401 272.280701
297.275818 293.795166
306.576660 288.659698
312.116180 289.583527
320.715332 288.035858
325.394958 290.871277
334.808594 293.926880
340.807678 298.260986
330.460480 300.686462
325.479004 300.439331
316.596985 300.388916
309.949402 299.613342
302.479980 299.393433
309.688080 295.586884
318.872742 296.202606
324.049591 296.635071
329.049988 294.623383
320.143158 292.312225
312.672180 292.078033
319.885590 294.137299
324.782776 268.268646
290.923798 239.455536
294.652435 248.575394
307.783539 247.753098
308.528900 236.068192
343.211670 237.461716
339.303650 244.254578
355.192444 244.791855
356.629639 235.761475
265.000336 236.000153
262.061493 258.584015
265.994263 273.994019
265.445862 294.776886
273.447266 312.784515
287.401520 324.140076
295.514038 333.750031
313.533234 340.997437
336.462433 336.566895
357.602936 325.890961
370.712677 318.855347
377.893463 301.126495
380.039429 281.509155
381.096405 258.832153
380.938995 241.139801
365.152588 224.579132
354.791565 224.567062
342.971375 223.470337
333.835663 229.711395
343.653870 229.736572
353.020630 228.742584
279.418976 226.869659
292.957153 221.152740
301.861084 222.302032
309.997101 229.440674
293.866577 227.261719
302.045227 228.921600
285.622314 242.140808
300.584412 237.927261
316.274933 242.438232
302.296906 250.422760
361.478912 239.462357
349.888947 234.301224
333.908325 242.141556
344.823517 247.352844
322.706512 240.293869
312.953735 257.931396
308.436707 268.813080
309.376770 275.946075
322.435883 274.269196
336.614899 276.883850
337.612976 268.776520
331.682037 256.031128
329.339386 240.215881
316.434631 271.947235
332.186401 272.280701
297.275818 293.795166
306.576660 288.659698
312.116180 289.583527
320.715332 288.035858
325.394958 290.871277
334.808594 293.926880
340.807678 298.260986
330.460480 300.686462
325.479004 300.439331
316.596985 300.388916
309.949402 299.613342
302.479980 299.393433
309.688080 295.586884
318.872742 296.202606
324.049591 296.635071
329.049988 294.623383
320.143158 292.312225
312.672180 292.078033
319.885590 294.137299
324.782776 268.268646
290.923798 239.455536
294.652435 248.575394
307.783539 247.753098
308.528900 236.068192
343.211670 237.461716
339.303650 244.254578
355.192444 244.791855
356.629639 235.761475
266.084900 235.189621
263.928375 256.928741
266.269684 274.473877
268.076782 294.954407
276.894836 313.436066
288.674927 324.421051
296.921844 333.011688
314.061005 339.726013
337.748322 335.627502
357.095459 325.000854
365.903748 316.455872
373.007416 299.630615
376.925476 281.080719
377.900818 258.392059
377.470978 238.698700
365.293335 223.431366
355.532410 224.373306
343.833740 223.444107
334.698212 229.223770
344.082855 229.004166
353.237671 228.137177
280.530884 226.534805
294.147797 220.614807
302.443359 221.591110
310.601990 228.611359
294.846436 227.453125
302.616272 228.465515
288.121796 240.660889
301.645996 238.427048
315.586121 241.467834
304.162903 248.691040
360.080231 237.469894
349.715515 234.162674
335.649963 241.981812
345.012878 246.682617
323.129883 240.166672
313.651215 256.687225
308.898010 267.682526
310.483582 275.487183
323.710754 273.952393
337.123535 276.126221
338.616180 267.986816
332.381195 255.464310
330.266846 240.000061
317.953064 271.684082
333.248474 271.878540
297.696838 293.608124
306.807556 288.331238
313.175568 289.112427
322.458282 288.130981
327.043823 290.183594
335.436890 293.212097
341.076294 297.224304
331.365601 299.843140
326.293701 299.525024
317.433044 300.087646
310.931335 298.758270
303.413422 298.358459
310.773743 294.906006
319.806213 295.976868
324.809692 296.050293
329.847412 293.449799
321.643127 291.225739
313.696655 290.887787
320.998169 293.674164
325.864258 267.873535
293.261200 239.370743
296.747559 247.274933
308.737518 245.959473
308.872375 236.482239
343.928925 237.089462
339.785767 244.131546
354.155914 243.852310
355.754974 235.386520
265.000336 236.000153
262.925323 258.031128
265.398987 275.810120
267.225006 296.440582
276.041138 314.943726
287.600891 325.683167
295.871094 334.253113
313.132416 340.953308
337.046051 336.876892
356.649200 326.333313
365.827240 318.015442
372.948669 301.118164
376.902710 282.500153
377.629333 259.506348
377.158813 239.655914
364.583496 224.007706
354.730103 224.899933
342.945953 223.919037
333.750488 229.723480
343.247437 229.560730
352.479889 228.726746
279.253662 227.007889
292.893219 220.967941
301.232819 221.946167
309.483215 229.062485
293.582092 227.861465
301.429810 228.901489
286.992035 241.329742
300.460510 238.957123
314.574799 242.086090
303.007507 249.315628
359.541412 238.274261
348.959381 234.805542
334.798767 242.649063
344.240387 247.416626
322.002838 240.661331
312.454193 257.293793
307.626892 268.333130
309.224243 276.187836
322.437225 274.567169
336.030762 276.835602
337.532166 268.651520
331.314148 256.082886
329.220154 240.527924
316.661926 272.298615
332.073547 272.516846
296.584320 294.613007
305.551208 289.130737
311.906189 289.867737
321.236603 288.868530
325.822052 290.909058
334.306519 293.984833
340.176147 298.168365
330.284271 300.701294
325.152496 300.360016
316.308594 300.986755
309.746521 299.642609
302.201508 299.268738
309.528442 295.724304
318.615997 296.791443
323.638947 296.854034
328.701172 294.236023
320.446686 292.002563
312.493073 291.700928
319.815826 294.477386
324.529968 268.397583
292.072449 239.952560
295.579987 247.920090
307.622314 246.568909
307.785828 237.033279
343.096375 237.712143
338.970947 244.829712
353.487366 244.621155
355.042633 236.060364
265.000336 236.000153
262.771759 258.243256
264.509247 275.903259
267.225006 296.440582
272.728180 313.290009
285.155914 323.011597
295.871094 334.253113
318.103973 341.383545
337.046051 336.876892
356.649200 326.333313
365.827240 318.015442
372.956207 301.155487
377.559540 278.323029
378.108154 257.885132
377.143799 238.299576
364.583496 224.007706
354.730103 224.899933
342.945953 223.919037
333.750488 229.723480
343.247437 229.560730
352.479889 228.726746
279.253662 227.007889
292.893219 220.967941
301.232819 221.946167
309.483215 229.062485
293.582092 227.861465
301.429810 228.901489
286.992035 241.329742
300.460510 238.957123
314.574799 242.086090
303.007507 249.315628
359.541412 238.274261
348.959381 234.805542
334.798767 242.649063
344.240387 247.416626
322.002838 240.661331
312.454193 257.293793
307.626892 268.333130
309.224243 276.187836
322.437225 274.567169
336.030762 276.835602
337.532166 268.651520
331.314148 256.082886
329.220154 240.527924
316.661926 272.298615
332.073547 272.516846
296.584320 294.613007
305.551208 289.130737
311.906189 289.867737
321.236603 288.868530
325.822052 290.909058
334.306519 293.984833
340.176147 298.168365
330.284271 300.701294
325.152496 300.360016
316.308594 300.986755
309.746521 299.642609
302.201508 299.268738
309.528442 295.724304
318.615997 296.791443
323.638947 296.854034
328.701172 294.236023
320.446686 292.002563
312.493073 291.700928
319.815826 294.477386
324.529968 268.397583
292.072449 239.952560
295.579987 247.920090
307.622314 246.568909
307.785828 237.033279
343.096375 237.712143
338.970947 244.829712
353.487366 244.621155
355.042633 236.060364
265.923157 235.320755
264.331085 256.906799
265.544006 274.933136
269.209473 295.834198
275.716705 313.225220
287.341522 323.362488
296.895538 332.455048
317.135620 339.870697
336.109436 336.734680
356.391113 325.599152
366.044037 316.354279
372.574585 300.083984
377.750458 279.357483
377.698303 258.698456
377.384277 238.869965
365.657806 223.238007
355.336700 224.461578
343.180023 223.904205
334.719757 229.317276
344.013062 228.519547
353.261536 228.229202
280.540405 227.005157
294.347748 220.342743
302.406433 221.491714
310.990448 228.228439
294.647980 227.550934
302.329956 228.500839
288.856720 240.490784
301.962708 239.372787
316.474426 240.736786
304.162964 248.345612
361.012421 237.731201
349.852692 234.642883
336.182251 243.569885
345.518951 248.478119
323.214172 239.488235
313.845154 256.545074
308.307373 267.727051
310.187836 274.872070
323.881775 273.931763
336.595825 275.873962
338.805939 268.339111
332.880951 256.138702
330.687592 240.334290
317.750702 271.508484
333.253235 272.311646
297.910583 293.733948
306.737793 288.861725
313.029510 289.545593
322.908997 288.192627
327.121460 289.900024
335.327362 293.287323
341.013733 296.936127
331.623993 299.486145
326.717926 299.103973
317.378662 300.122192
310.734955 298.465546
303.200043 298.044922
310.683380 295.516052
319.792572 295.932281
324.855469 295.623566
329.214813 293.197662
321.651428 291.316650
313.842743 291.446350
321.016632 293.615021
326.344391 267.746552
293.955566 240.017899
297.163727 247.291534
308.134308 246.203705
309.695465 236.831436
344.615723 237.362015
340.134521 246.204834
354.964935 244.901505
355.901154 236.237000
265.000336 236.000153
263.590057 257.851746
264.979034 276.075867
268.668579 297.076202
274.859772 314.323273
286.611084 324.439606
296.284729 333.518768
316.740814 340.862091
335.828735 337.621338
356.287323 326.427155
366.283508 317.286713
372.623993 300.887024
377.824402 280.127686
377.617249 259.359528
377.259399 239.454071
364.878937 223.507965
354.496979 224.727631
342.278229 224.166351
333.812683 229.628082
343.223907 228.850479
352.531525 228.562332
279.355652 227.410217
293.115356 220.606598
301.216003 221.747406
309.934204 228.552155
293.416779 227.866943
301.190674 228.827530
287.894470 241.046539
300.869415 239.792145
315.639038 241.208389
303.164642 248.849304
360.564667 238.207169
349.203278 235.047226
335.480560 244.035141
344.898560 248.967392
322.135010 239.819138
312.784363 257.012787
307.134216 268.226593
309.033630 275.398560
322.718384 274.370331
335.604462 276.330444
337.820221 268.765472
331.953125 256.573242
329.703094 240.682007
316.557770 271.959167
332.198730 272.745575
297.001556 294.534302
305.606689 289.473236
311.868744 290.101715
321.795654 288.703064
325.998901 290.384796
334.318909 293.784119
340.311920 297.549622
330.698151 300.055664
325.730347 299.675049
316.449066 300.786469
309.730652 299.137848
302.166016 298.758728
309.599792 296.142700
318.761200 296.521362
323.827362 296.180084
328.201752 293.728424
320.600708 291.872559
312.801239 292.058777
319.987885 294.191345
325.096497 268.112640
292.881714 240.492157
296.156464 247.823792
307.172333 246.690475
308.729797 237.253754
343.915924 237.771790
339.467712 246.683060
354.421326 245.380371
355.265656 236.639481
265.000336 236.000153
263.590057 257.851746
264.979034 276.075867
268.215179 296.779633
273.744019 310.909546
286.611084 324.439606
296.284729 333.518768
316.740814 340.862091
335.828735 337.621338
356.287323 326.427155
366.283508 317.286713
372.838745 300.992310
377.824402 280.127686
377.858032 259.465851
377.259399 239.454071
364.878937 223.507965
354.496979 224.727631
342.278229 224.166351
333.812683 229.628082
343.223907 228.850479
352.531525 228.562332
279.355652 227.410217
293.115356 220.606598
301.216003 221.747406
309.934204 228.552155
293.416779 227.866943
301.190674 228.827530
287.894470 241.046539
300.869415 239.792145
315.639038 241.208389
303.164642 248.849304
360.564667 238.207169
349.203278 235.047226
335.480560 244.035141
344.898560 248.967392
322.135010 239.819138
312.784363 257.012787
307.134216 268.226593
309.033630 275.398560
322.718384 274.370331
335.604462 276.330444
337.820221 268.765472
331.953125 256.573242
329.703094 240.682007
316.557770 271.959167
332.198730 272.745575
297.001556 294.534302
305.606689 289.473236
311.868744 290.101715
321.795654 288.703064
325.998901 290.384796
334.318909 293.784119
340.311920 297.549622
330.698151 300.055664
325.730347 299.675049
316.449066 300.786469
309.730652 299.137848
302.166016 298.758728
309.599792 296.142700
318.761200 296.521362
323.827362 296.180084
328.201752 293.728424
320.600708 291.872559
312.801239 292.058777
319.987885 294.191345
325.096497 268.112640
292.881714 240.492157
296.156464 247.823792
307.172333 246.690475
308.729797 237.253754
343.915924 237.771790
339.467712 246.683060
354.421326 245.380371
355.265656 236.639481
